0.619414
0.678101
0.79006
0.822316
0.85915
0.80022
0.85857
0.842756
0.868739
0.806031
0.712681
0.722279
0.861921
0.90394
0.871984
0.890976
0.795542
0.663242
0.683973
0.740677
0.748599
0.680976
0.770507
0.71783
0.754952
0.889859
0.796235
0.850366
0.914983
0.894725
0.779639
0.83067
0.924977
0.828392
0.843079
0.889733
0.830019
0.837208
0.647326
0.735237
0.864754
0.905178
0.909285
0.889786
0.914224
0.872866
0.637161
0.536692
0.702086
0.692538
0.594506
0.618651
0.83407
0.906669
0.860437
0.858371
0.702912
0.744241
0.709892
0.658705
0.902217
0.914023
0.290263
0.333224
0.812842
0.799255
0.530314
0.444664
0.804432
0.869604
0.714893
0.731826
0.782707
0.862011
0.837931
0.740847
0.966067
0.985356
0.870158
0.837577
0.793324
0.757953
0.929413
0.907056
0.307441
0.531196
0.000496226
0.00895893
0.663419
0.737226
0.678645
0.746895
0.844131
0.92588
0.729449
0.806352
0.742849
0.751965
0.722087
0.829102
0.646194
0.646648
0.559462
0.683624
0.852834
0.888804
0.845163
0.821468
0.830125
0.756895
0.654529
0.560277
0.721053
0.791104
0.77938
0.86759
0.816297
0.84819
0.704442
0.621758
0.805501
0.811718
0.880127
0.851119
0.875676
0.903953
0.707934
0.774398
0.785773
0.728164
0.802058
0.715817

