0.6487575
0.806188
0.829685
0.850663
0.837385
0.71748
0.8829305
0.88148
0.729392
0.712325
0.7147875
0.7441685
0.8224055
0.8233005
0.904854
0.8051545
0.8766845
0.866406
0.8336135
0.6912815
0.884966
0.8995355
0.893545
0.5869265
0.697312
0.6065785
0.8703695
0.859404
0.7235765
0.6842985
0.90812
0.3117435
0.8060485
0.487489
0.837018
0.7233595
0.822359
0.789389
0.9757115
0.8538675
0.7756385
0.9182345
0.4193185
0.004727578
0.7003225
0.71277
0.8850055
0.7679005
0.747407
0.7755945
0.646421
0.621543
0.870819
0.8333155
0.79351
0.607403
0.7560785
0.823485
0.8322435
0.6631
0.8086095
0.865623
0.8898145
0.741166
0.7569685
0.7589375

