t	P	cov	vg_gcta	vg_GRMvarX	vg_GRMld	vg_gcta_wganc	vg_GRMvarX_ganc	vg_GRMld_ganc	var.prs.geno	exp.theta	exp.var.theta	va.term4	va.term1	va.term2	va.term3	exp.vg	exp.vgamma
0	0	neg	0.9993	1.0603255	0.9412065	0.9993737	1.0604063	0.942038	0.943284155853882	0.5	0.25	-0.120418798138488	0.938770132112654	0.0602298678873466	0.0602298678873466	0.938811069748859	4.09376362053293e-05
0	0	pos	1.0026593	1.0651284	2.0683894	1.0021528	1.064414	0.9354826	2.07171459657833	0.5	0.25	1.01161800793867	0.938770132112654	0.0602298678873466	0.0602298678873466	2.07084787582602	1.13207774371336
0	0.9	neg	0.9993	1.0603255	0.9412065	0.9993737	1.0604063	0.942038	0.943284155853882	0.5	0.25	-0.120418798138488	0.938770132112654	0.0602298678873466	0.0602298678873466	0.938811069748859	4.09376362053293e-05
0	0.9	pos	1.0026593	1.0651284	2.0683894	1.0021528	1.064414	0.9354826	2.07171459657833	0.5	0.25	1.01161800793867	0.938770132112654	0.0602298678873466	0.0602298678873466	2.07084787582602	1.13207774371336
1	0	neg	0.9979144	1.0288843	0.9657878	0.9979352	1.0289105	0.9664726	0.965614261645815	0.5	0.125	-0.0602093990692439	0.938770132112654	0.0602298678873466	0.0301149339436733	0.96890553487443	0.0301354027617759
1	0	pos	0.9932119	1.0247986	1.5311734	0.993479	1.025053	0.9695122	1.53528875575582	0.5	0.125	0.505809003969335	0.938770132112654	0.0602298678873466	0.0301149339436733	1.53492393791301	0.596153805800355
1	0.9	neg	1.0043748	1.0633819	0.9426347	1.004442	1.0634621	0.9434079	0.938519505688178	0.5	0.2375	-0.114397858231563	0.938770132112654	0.0602298678873466	0.0572183744929792	0.941820516261416	0.00305038414876235
1	0.9	pos	1.0033198	1.0628863	2.0251348	1.0024017	1.0616795	0.9412423	2.0258871907473	0.5	0.2375	0.961037107541737	0.938770132112654	0.0602298678873466	0.0572183744929792	2.01725548203472	1.07848534992206
2	0	neg	0.9948152	1.0099507	0.9835831	0.9949338	1.0100658	0.9843336	0.985573172484561	0.5	0.0625	-0.0301046995346219	0.938770132112654	0.0602298678873466	0.0150574669718366	0.983952767437215	0.0451826353245613
2	0	pos	1.0002165	1.0164794	1.2641104	0.9998546	1.0160987	1.0114587	1.26693085388418	0.5	0.0625	0.252904501984668	0.938770132112654	0.0602298678873466	0.0150574669718366	1.2669619689565	0.328191836843851
2	0.9	neg	1.0001026	1.055445	0.9414679	1.0002353	1.0556153	0.9422129	0.940860199374746	0.5	0.225625	-0.108677965319985	0.938770132112654	0.0602298678873466	0.0543574557683302	0.944679490448345	0.00590935833569152
2	0.9	pos	0.9978087	1.0538687	1.9689403	0.9973987	1.0532881	0.9401232	1.97295333415691	0.5	0.225625	0.91298525216465	0.938770132112654	0.0602298678873466	0.0543574557683302	1.96634270793298	1.02757257582033
3	0	neg	1.0014133	1.0088236	0.9955853	1.0014197	1.0088304	0.9960259	0.991886509385222	0.5	0.03125	-0.015052349767311	0.938770132112654	0.0602298678873466	0.00752873348591832	0.991476383718608	0.0527062516059539
3	0	pos	0.9978369	1.0060504	1.1365564	0.997421	1.0056261	1.0351492	1.13585601934794	0.5	0.03125	0.126452250992334	0.938770132112654	0.0602298678873466	0.00752873348591832	1.13298098447825	0.194210852365599
3	0.9	neg	0.9986735	1.0504046	0.9410914	0.9987416	1.0504801	0.9419769	0.941686552996023	0.5	0.21434375	-0.103244067053986	0.938770132112654	0.0602298678873466	0.0516395829799138	0.947395515925928	0.00862538381327436
3	0.9	pos	0.9897511	1.0437801	1.9099791	0.9888287	1.0426299	0.9340522	1.91959312294717	0.5	0.21434375	0.867335989556418	0.938770132112654	0.0602298678873466	0.0516395829799138	1.91797557253633	0.979205440423678
4	0	neg	1.0004564	1.0040599	0.9953479	1.0005056	1.0041097	0.9957581	0.993488344649254	0.5	0.015625	-0.00752617488365549	0.938770132112654	0.0602298678873466	0.00376436674295916	0.995238191859304	0.0564680597466502
4	0	pos	1.0024897	1.0064738	1.076582	1.0020208	1.0059983	1.0389797	1.07473373559757	0.5	0.015625	0.0632261254961669	0.938770132112654	0.0602298678873466	0.00376436674295916	1.06599049223913	0.127220360126473
4	0.9	neg	1.0047638	1.05544	0.9527777	1.0048399	1.0555443	0.9535659	0.947283201322427	0.5	0.2036265625	-0.0980818637012867	0.938770132112654	0.0602298678873466	0.049057603830918	0.949975740129631	0.0112056080169779
4	0.9	pos	1.0022712	1.0542197	1.8689067	1.0013072	1.053033	0.9484859	1.86243626667499	0.5	0.2036265625	0.823969190078597	0.938770132112654	0.0602298678873466	0.049057603830918	1.87202679390951	0.933256661796861
5	0	neg	1.0013362	1.0031118	0.9970953	1.0014108	1.0031876	0.9973529	0.996872729366118	0.5	0.0078125	-0.00376308744182774	0.938770132112654	0.0602298678873466	0.00188218337147958	0.997119095929652	0.0583489638169984
5	0	pos	0.9988507	1.0008169	1.0221333	0.9986011	1.0005626	1.0114417	1.02218077259644	0.5	0.0078125	0.0316130627480835	0.938770132112654	0.0602298678873466	0.00188218337147958	1.03249524611956	0.0937251140069096
5	0.9	neg	0.9996248	1.0470556	0.9529343	0.9997131	1.0471477	0.9537706	0.955533012469892	0.5	0.193445234375	-0.0931777705162223	0.938770132112654	0.0602298678873466	0.0466047236393722	0.95242695312315	0.0136568210104964
5	0.9	pos	1.0067536	1.0559881	1.820279	1.0066472	1.0558083	0.9573291	1.82080158098498	0.5	0.193445234375	0.782770730574667	0.938770132112654	0.0602298678873466	0.0466047236393722	1.82837545421404	0.889605322101386
6	0	neg	1.0005617	1.001395	1.0017259	1.0005944	1.0014273	1.0017305	1.00087679692499	0.5	0.00390625	-0.00188154372091387	0.938770132112654	0.0602298678873466	0.00094109168573979	0.998059547964826	0.0592894158521725
6	0	pos	1.0046057	1.0053404	1.0282523	1.0045349	1.0052676	1.0252291	1.02420175974119	0.5	0.00390625	0.0158065313740417	0.938770132112654	0.0602298678873466	0.00094109168573979	1.01574762305978	0.0769774909471281
6	0.9	neg	0.9984906	1.0440249	0.952616	0.9985248	1.0440651	0.9533886	0.952115891673292	0.5	0.18377297265625	-0.0885188819904112	0.938770132112654	0.0602298678873466	0.0442744874574035	0.954755605466993	0.0159854733543389
6	0.9	pos	0.9997631	1.0461261	1.778773	0.9992391	1.0454832	0.9493349	1.78530761520493	0.5	0.18377297265625	0.743632194045934	0.938770132112654	0.0602298678873466	0.0442744874574035	1.78690668150334	0.848136549390684
7	0	neg	1.0042189	1.0045581	0.9977152	1.0042838	1.0046222	0.9977078	0.992852817223738	0.5	0.001953125	-0.000940771860456936	0.938770132112654	0.0602298678873466	0.000470545842869895	0.998529773982413	0.0597596418697595
7	0	pos	1.0003689	1.0006648	1.00629	1.0003201	1.0006157	1.0054895	1.00726934418063	0.5	0.001953125	0.00790326568702087	0.938770132112654	0.0602298678873466	0.000470545842869895	1.00737381152989	0.0686036794172373
7	0.9	neg	1.0009223	1.0433224	0.9594439	1.0009619	1.0433738	0.9601962	0.958687561623748	0.5	0.174584324023437	-0.0840929378908906	0.938770132112654	0.0602298678873466	0.0420607630845333	0.956967825193643	0.0181976930809892
7	0.9	pos	0.9952349	1.0386435	1.7360062	0.994454	1.0376976	0.9503899	1.74031123693444	0.5	0.174584324023437	0.706450584343637	0.938770132112654	0.0602298678873466	0.0420607630845333	1.74751134742817	0.808741215315517
8	0	neg	1.0003588	1.0008404	1.002279	1.0003653	1.0008471	1.0022694	0.999777521432502	0.5	0.0009765625	-0.000470385930228468	0.938770132112654	0.0602298678873466	0.000235272921434948	0.998764886991207	0.059994754878553
8	0	pos	1.0051441	1.0058741	1.0151279	1.0049177	1.0056494	1.0145967	1.01203490717885	0.5	0.0009765625	0.00395163284351043	0.938770132112654	0.0602298678873466	0.000235272921434948	1.00318690576495	0.064416773652292
8	0.9	neg	1.0001915	1.0413562	0.9598172	1.0003489	1.0415518	0.9606819	0.960701619980014	0.5	0.165855107822266	-0.0798882909963461	0.938770132112654	0.0602298678873466	0.0399577249303067	0.959069433933961	0.0202993018213071
8	0.9	pos	1.0068433	1.0489111	1.7191728	1.0063886	1.0483393	0.9730704	1.71239630115526	0.5	0.165855107822266	0.671128055126455	0.938770132112654	0.0602298678873466	0.0399577249303067	1.71008578005676	0.771315647944108
9	0	neg	1.0003711	1.0006476	1.0003809	1.0003565	1.0006337	1.0003734	0.999868344073257	0.5	0.00048828125	-0.000235192965114234	0.938770132112654	0.0602298678873466	0.000117636460717474	0.998882443495604	0.0601123113829498
9	0	pos	0.9958262	0.9960578	0.9968098	0.995772	0.9960031	0.9967484	1.00018172444885	0.5	0.00048828125	0.00197581642175522	0.938770132112654	0.0602298678873466	0.000117636460717474	1.00109345288247	0.0623233207698193
9	0.9	neg	0.9984016	1.0373087	0.9585584	0.998457	1.0373531	0.9593071	0.959645873297418	0.5	0.157562352431152	-0.0758938764465288	0.938770132112654	0.0602298678873466	0.0379598386837914	0.961065962237263	0.0222958301246092
9	0.9	pos	0.9963771	1.0359983	1.6681969	0.9961996	1.0357551	0.9630354	1.67489987148732	0.5	0.157562352431152	0.637571652370132	0.938770132112654	0.0602298678873466	0.0379598386837914	1.67453149105392	0.73576135894127
10	0	neg	1.0001755	1.0002917	0.988628	1.0001716	1.0002877	0.9886446	0.986295726200958	0.5	0.000244140625	-0.000117596482557117	0.938770132112654	0.0602298678873466	5.88182303587369e-05	0.998941221747802	0.0601710896351482
10	0	pos	0.9940236	0.9942556	1.0005172	0.9939679	0.9942001	1.0004448	1.00364388928203	0.5	0.000244140625	0.000987908210877608	0.938770132112654	0.0602298678873466	5.88182303587369e-05	1.00004672644124	0.0612765943285829
10	0.9	neg	0.9957005	1.0321432	0.9572678	0.9957361	1.0321774	0.9579512	0.961193853968259	0.5	0.149684234809595	-0.0720991826242024	0.938770132112654	0.0602298678873466	0.0360618467496017	0.9629626641254	0.0241925320127459
10	0.9	pos	0.9930685	1.030741	1.6215546	0.9927697	1.0303739	0.9606245	1.62976747130356	0.5	0.149684234809595	0.605693069751626	0.938770132112654	0.0602298678873466	0.0360618467496017	1.64075491650123	0.701984784388574
11	0	neg	0.9949012	0.9951758	0.9957425	0.9948435	0.995118	0.9956684	0.999568804826173	0.5	0.0001220703125	-5.87982412785585e-05	0.938770132112654	0.0602298678873466	2.94091151793684e-05	0.998970610873901	0.0602004787612474
11	0	pos	0.9956212	0.995681	1.0025416	0.9954733	0.9955324	1.0023752	1.00495590066124	0.5	0.0001220703125	0.000493954105438804	0.938770132112654	0.0602298678873466	2.94091151793684e-05	0.999523363220618	0.0607532311079647
11	0.9	neg	1.0016219	1.037425	0.9728689	1.0017283	1.0375556	0.9737066	0.973304435989642	0.5	0.142200023069115	-0.0684942234929922	0.938770132112654	0.0602298678873466	0.0342587544121216	0.96476453091913	0.025994398806476
11	0.9	pos	1.0015574	1.0376093	1.5996452	1.0014155	1.0374157	0.9671144	1.60052432494836	0.5	0.142200023069115	0.575408416264044	0.938770132112654	0.0602298678873466	0.0342587544121216	1.60866717067617	0.669897038563512
12	0	neg	0.9975917	0.9974406	0.9915528	0.9975686	0.9974177	0.9915402	0.991589827571689	0.5	6.103515625e-05	-2.93991206392792e-05	0.938770132112654	0.0602298678873466	1.47045575896842e-05	0.998985305436951	0.060215173324297
12	0	pos	0.9972714	0.9971734	0.9963186	0.9972446	0.9971471	0.9962843	0.995909698976752	0.5	6.103515625e-05	0.000246977052719402	0.938770132112654	0.0602298678873466	1.47045575896842e-05	0.999261681610309	0.0604915494976557
12	0.9	neg	0.998566	1.0322607	0.9687869	0.9986442	1.0323549	0.9696171	0.96937217913097	0.5	0.135090021915659	-0.0650695123183426	0.938770132112654	0.0602298678873466	0.0325458166915157	0.966476304373173	0.0277061722605196
12	0.9	pos	1.0009313	1.0346503	1.5807415	1.0006911	1.0343464	0.9753666	1.58224433984239	0.5	0.135090021915659	0.546637995450842	0.938770132112654	0.0602298678873466	0.0325458166915157	1.57818381214236	0.639413680029704
13	0	neg	1.0064838	1.006549	1.0038398	1.006522	1.0065869	1.0038698	0.997456393670426	0.5	3.0517578125e-05	-1.46995603196396e-05	0.938770132112654	0.0602298678873466	7.35227879484211e-06	0.998992652718475	0.0602225206058218
13	0	pos	0.9987024	0.9986867	0.9969152	0.998628	0.9986129	0.9968568	0.996548022012104	0.5	3.0517578125e-05	0.000123488526359701	0.938770132112654	0.0602298678873466	7.35227879484211e-06	0.999130840805155	0.0603607086925011
13	0.9	neg	1.0027653	1.0349069	0.9718415	1.0028957	1.0350559	0.9727001	0.970282141538721	0.5	0.128335520819876	-0.0618160367024255	0.938770132112654	0.0602298678873466	0.0309185258569398	0.968102489154515	0.0293323570418609
13	0.9	pos	1.0035405	1.0364351	1.5504526	1.0029824	1.0357943	0.9776556	1.54801339791372	0.5	0.128335520819876	0.5193060956783	0.938770132112654	0.0602298678873466	0.0309185258569398	1.54922462153524	0.610454489422586
14	0	neg	1.0047958	1.0044099	1.0031819	1.0047677	1.0043825	1.0031594	0.998980304409434	0.5	1.52587890625e-05	-7.34978015981981e-06	0.938770132112654	0.0602298678873466	3.67613939742105e-06	0.998996326359238	0.0602261942465842
14	0	pos	0.9944776	0.9944519	0.9962398	0.9944583	0.9944328	0.9962261	1.00083299617712	0.5	1.52587890625e-05	6.17442631798505e-05	0.938770132112654	0.0602298678873466	3.67613939742105e-06	0.999065420402578	0.0602952882899238
14	0.9	neg	1.002172	1.0320184	0.9744199	1.0022375	1.0320983	0.975225	0.970285309305526	0.5	0.121918744778882	-0.0587252348673042	0.938770132112654	0.0602298678873466	0.0293725995640928	0.969647364696789	0.0308772325841352
14	0.9	pos	1.0054716	1.0361148	1.5311036	1.0050586	1.0356364	0.9842557	1.53008267150189	0.5	0.121918744778882	0.493340790894385	0.938770132112654	0.0602298678873466	0.0293725995640928	1.52171339045848	0.582943258345824
15	0	neg	1.0000858	0.9997191	0.9907555	1.0000555	0.9996883	0.9907329	0.98926273519492	0.5	7.62939453125e-06	-3.67489007990991e-06	0.938770132112654	0.0602298678873466	1.83806969871053e-06	0.998998163179619	0.0602280310669654
15	0	pos	0.9996132	0.999664	0.9960494	0.9996411	0.9996932	0.9960661	0.995906217560463	0.5	7.62939453125e-06	3.08721315899253e-05	0.938770132112654	0.0602298678873466	1.83806969871053e-06	0.999032710201289	0.0602625780886352
15	0.9	neg	0.998336	1.0267815	0.9679469	0.9983914	1.0268439	0.9686646	0.968348186264473	0.5	0.115822807539938	-0.055788973123939	0.938770132112654	0.0602298678873466	0.0279039695858882	0.971114996461949	0.0323448643492957
15	0.9	pos	1.0046362	1.0336631	1.4951307	1.0038235	1.0327656	0.9815391	1.49270171065541	0.5	0.115822807539938	0.468673751349666	0.938770132112654	0.0602298678873466	0.0279039695858882	1.49557772093555	0.5568075888229
16	0	neg	1.0010273	1.0007152	0.9953443	1.0010423	1.0007307	0.9953549	0.993433354777893	0.5	3.814697265625e-06	-1.83744503995495e-06	0.938770132112654	0.0602298678873466	9.19034849355264e-07	0.99899908158981	0.060228949477156
16	0	pos	1.000355	1.0000955	1.0014971	1.0003024	1.000043	1.0014473	1.00042609021684	0.5	3.814697265625e-06	1.54360657949626e-05	0.938770132112654	0.0602298678873466	9.19034849355264e-07	0.999016355100645	0.0602462229879909
16	0.9	neg	1.0025527	1.029911	0.9727057	1.0026614	1.0300391	0.973542	0.972183056546492	0.5	0.110031667162941	-0.052999524467742	0.938770132112654	0.0602298678873466	0.0265087711065938	0.972509246638852	0.0337391145261983
16	0.9	pos	0.9947069	1.022604	1.4691387	0.9949004	1.0227827	0.9830323	1.47132312493287	0.5	0.110031667162941	0.445240063782182	0.938770132112654	0.0602298678873466	0.0265087711065938	1.47074883488878	0.531978702776123
17	0	neg	1.0014297	1.0014526	0.9993625	1.0014443	1.0014671	0.9993688	0.997228280630611	0.5	1.9073486328125e-06	-9.18722519977476e-07	0.938770132112654	0.0602298678873466	4.59517424677632e-07	0.998999540794905	0.0602294086822513
17	0	pos	0.9978467	0.9980814	0.993588	0.997618	0.9978525	0.9933741	0.995180271269183	0.5	1.9073486328125e-06	7.71803289748131e-06	0.938770132112654	0.0602298678873466	4.59517424677632e-07	0.999008177550322	0.0602380454376687
17	0.9	neg	1.0029239	1.0288459	0.9730919	1.0029616	1.0288834	0.9739213	0.97308185482515	0.5	0.104530083804794	-0.0503495482443549	0.938770132112654	0.0602298678873466	0.0251833325512641	0.973833784306909	0.0350636521942557
17	0.9	pos	0.9964585	1.0230861	1.4483349	0.9960252	1.0225987	0.9820548	1.45100678457755	0.5	0.104530083804794	0.422978060593073	0.938770132112654	0.0602298678873466	0.0251833325512641	1.44716139314434	0.508391261031684
18	0	neg	0.9954396	0.9952669	0.9934464	0.9954694	0.9952977	0.993481	0.995378176477108	0.5	9.5367431640625e-07	-4.59361259988738e-07	0.938770132112654	0.0602298678873466	2.29758712338816e-07	0.998999770397453	0.0602296382847989
18	0	pos	1.0006773	1.0006655	0.9999947	1.0004843	1.0004719	0.9997981	0.999442617757845	0.5	9.5367431640625e-07	3.85901644874066e-06	0.938770132112654	0.0602298678873466	2.29758712338816e-07	0.999004088775161	0.0602339566625076
18	0.9	neg	0.9986897	1.0232407	0.9678959	0.9987484	1.0233	0.968592	0.968812360897539	0.5	0.0993035796145545	-0.0478320708321372	0.938770132112654	0.0602298678873466	0.0239241659237009	0.975092095091564	0.0363219629789103
18	0.9	pos	1.0078527	1.0335161	1.4465284	1.0074136	1.0330202	1.0027749	1.44158077434002	0.5	0.0993035796145545	0.401829157563419	0.938770132112654	0.0602298678873466	0.0239241659237009	1.42475332348712	0.485983191374467
19	0	neg	0.9989213	0.9991545	0.9917748	0.9989591	0.9991918	0.9918296	0.99250099253272	0.5	4.76837158203125e-07	-2.29680629994369e-07	0.938770132112654	0.0602298678873466	1.14879356169408e-07	0.998999885198726	0.0602297530860727
19	0	pos	0.9939233	0.9940334	0.9933511	0.9938118	0.9939217	0.9932051	1.00117661408165	0.5	4.76837158203125e-07	1.92950822437033e-06	0.938770132112654	0.0602298678873466	1.14879356169408e-07	0.999002044387581	0.0602319122749271
19	0.9	neg	1.0018889	1.0255463	0.9768921	1.0019591	1.0256175	0.9775499	0.975714462145597	0.5	0.0943384006338268	-0.0454404672905303	0.938770132112654	0.0602298678873466	0.0227279576275158	0.976287490336986	0.037517358224332
19	0.9	pos	0.9990862	1.0232891	1.4180019	0.9986056	1.0227616	1.0008629	1.41878302587471	0.5	0.0943384006338268	0.381737699685248	0.938770132112654	0.0602298678873466	0.0227279576275158	1.40346565731276	0.464695525200111
20	0	neg	0.9991608	0.9993999	0.9942435	0.9991402	0.9993784	0.9942221	0.994038662415801	0.5	2.38418579101562e-07	-1.14840314997185e-07	0.938770132112654	0.0602298678873466	5.7439678084704e-08	0.998999942599363	0.0602298104867096
20	0	pos	0.9978824	0.9979681	0.999053	0.9979211	0.9980073	0.9991005	1.00121372537217	0.5	2.38418579101562e-07	9.64754112185164e-07	0.938770132112654	0.0602298678873466	5.7439678084704e-08	0.99900102219379	0.0602308900811368
20	0.9	neg	0.9988496	1.0209548	0.9779317	0.9989959	1.0211188	0.9789283	0.977859806210679	0.5	0.0896214806021355	-0.0431684439260038	0.938770132112654	0.0602298678873466	0.0215915597461401	0.977423115820137	0.0386529837074828
20	0.9	pos	1.0064502	1.0292254	1.3903688	1.0058276	1.0285418	1.0022313	1.38560786240654	0.5	0.0896214806021355	0.362650814700986	0.938770132112654	0.0602298678873466	0.0215915597461401	1.38324237444713	0.444472242334473
