f1	f2	beta_pos	beta_neg	beta_zero
0.83068273532857	0.721351920223586	0.0250152989153223	0.0250152989153223	-0.0250152989153223
0.0103980577901255	0.0572738394567843	-0.206040822316701	-0.206040822316701	-0.206040822316701
0.465759673943011	0.0328753004446523	-0.0110115370891547	0.0110115370891547	0.0110115370891547
0.426767138613934	0.327133719873461	-0.0163295174230914	-0.0163295174230914	0.0163295174230914
0.855624164194796	0.460232610760266	-0.0144234278510291	0.0144234278510291	0.0144234278510291
0.938795886934141	0.941464093041213	0.265527667043288	-0.265527667043288	0.265527667043288
0.0374871210833088	0.0237800672294952	-0.0259910015508048	-0.0259910015508048	-0.0259910015508048
0.957298674179214	0.922614971286354	-0.0843089118701376	-0.0843089118701376	-0.0843089118701376
0.676593379449896	0.310483809386346	0.0075215483051607	-0.0075215483051607	0.0075215483051607
0.113556046053501	0.127851064081478	0.00354493320515352	0.00354493320515352	-0.00354493320515352
0.231546219653516	0.643456046945711	-0.0313617842644067	0.0313617842644067	0.0313617842644067
0.126945139668965	0.312550835685387	0.0151112628538221	0.0151112628538221	-0.0151112628538221
0.989458563555073	0.836505451041067	0.0911858439181808	0.0911858439181808	0.0911858439181808
0.0516704094149479	0.490224352783223	-0.0115408687618322	0.0115408687618322	0.0115408687618322
0.602688020575447	0.646068134875403	-0.00585997585031676	-0.00585997585031676	-0.00585997585031676
0.295932829191037	0.624034178593544	0.0130836036812449	-0.0130836036812449	0.0130836036812449
0.973432657312075	0.966606643150229	-0.0141594168722314	0.0141594168722314	-0.0141594168722314
0.645159009188676	0.294100831172244	0.0159424026856694	0.0159424026856694	0.0159424026856694
0.980857792559092	0.916894376713689	0.155407887600068	0.155407887600068	0.155407887600068
0.516635087479952	0.592528910737991	-0.0162916221989392	-0.0162916221989392	-0.0162916221989392
0.94636988035345	0.958358551066907	-0.118996146011654	0.118996146011654	-0.118996146011654
0.221266916042479	0.0138740945023323	0.0184093903283823	-0.0184093903283823	0.0184093903283823
0.683332335893469	0.144128511973995	0.0647510209178202	-0.0647510209178202	0.0647510209178202
0.280973489422448	0.535089212999813	-0.0121378431426975	-0.0121378431426975	-0.0121378431426975
0.963760398488998	0.988268069515651	-0.301399477964235	-0.301399477964235	-0.301399477964235
0.062981302697009	0.0119147935439707	0.0538543762141784	0.0538543762141784	-0.0538543762141784
0.373523203242746	0.772361202459294	-0.0138023793819141	0.0138023793819141	0.0138023793819141
0.317099984582172	0.115892541543072	0.00973863577696431	0.00973863577696431	0.00973863577696431
0.987114531564581	0.96913355626254	0.0969072889753791	0.0969072889753791	-0.0969072889753791
0.763290478969374	0.891545906346419	0.000479156345224387	-0.000479156345224387	-0.000479156345224387
0.0332094106415175	0.10375681499547	0.204837312918921	0.204837312918921	0.204837312918921
0.389064256869901	0.535315427762967	0.00542756971800468	0.00542756971800468	0.00542756971800468
0.77487158243539	0.470820895363668	0.00843769234942343	0.00843769234942343	-0.00843769234942343
0.984344317885194	0.943608538640328	-0.094187198588453	-0.094187198588453	-0.094187198588453
0.0777783591155381	0.454770836481079	0.0389197946197281	0.0389197946197281	0.0389197946197281
0.214596714433668	0.638955984014438	-0.0326390488232065	-0.0326390488232065	-0.0326390488232065
0.54212522448154	0.0228332873014445	7.49321726633716e-05	-7.49321726633716e-05	-7.49321726633716e-05
0.456203928451904	0.127598525823345	-0.0266207298045211	-0.0266207298045211	0.0266207298045211
0.254188835358004	0.368185335151232	0.0450357523275351	-0.0450357523275351	-0.0450357523275351
0.923319032635477	0.860033407708317	-0.0645246206417195	0.0645246206417195	0.0645246206417195
0.915607192164412	0.486028359744058	-0.00470176527805635	-0.00470176527805635	0.00470176527805635
0.831167038705738	0.861130806365924	-0.108630441555014	0.108630441555014	0.108630441555014
0.28602295386293	0.14482976381123	0.0124887953126001	-0.0124887953126001	0.0124887953126001
0.745619603504988	0.943106298409919	-0.0734189883019142	0.0734189883019142	-0.0734189883019142
0.699616619936968	0.9408751447974	0.0143741967289949	-0.0143741967289949	0.0143741967289949
0.43417732709793	0.491092821453011	-0.00795935733880065	0.00795935733880065	-0.00795935733880065
0.142709202381029	0.0166912343902762	0.165022709372148	0.165022709372148	-0.165022709372148
0.719380364374216	0.133160798763349	-0.0457009877949876	-0.0457009877949876	0.0457009877949876
0.978530453806965	0.67814925866933	0.0636553615001864	0.0636553615001864	-0.0636553615001864
0.844408130017975	0.491803733614415	-0.0175124396374795	-0.0175124396374795	0.0175124396374795
0.0139566172567903	0.0134793326671791	0.164056690074423	-0.164056690074423	0.164056690074423
0.841509732908066	0.961345689592393	-0.0101176583040864	0.0101176583040864	-0.0101176583040864
0.388951207238766	0.226597717471213	-0.0183178761597198	0.0183178761597198	0.0183178761597198
0.233628416992612	0.320121023589636	-0.0425060071502049	-0.0425060071502049	0.0425060071502049
0.613071550235172	0.148961438170276	0.0390513806200754	0.0390513806200754	0.0390513806200754
0.0116617973116592	0.295989766587576	0.0129726892967307	-0.0129726892967307	0.0129726892967307
0.430714640919717	0.92744956795189	-0.0162111424377056	-0.0162111424377056	0.0162111424377056
0.566982615204545	0.740816286375951	-0.0334900865693974	0.0334900865693974	-0.0334900865693974
0.770731403929913	0.95063835047876	0.0182416506372927	-0.0182416506372927	-0.0182416506372927
0.633507085848909	0.532565746331064	0.0445129313995178	0.0445129313995178	0.0445129313995178
0.205756500373867	0.418121836657366	0.017786399846173	0.017786399846173	-0.017786399846173
0.734829303932852	0.700927755867611	0.0202580642945458	0.0202580642945458	0.0202580642945458
0.790912930846333	0.708852657392309	-0.0359960801868937	0.0359960801868937	0.0359960801868937
0.0797018923424189	0.62619790641204	-0.0203616082338667	-0.0203616082338667	0.0203616082338667
0.260654706938038	0.0889982826295808	0.0541104126303202	-0.0541104126303202	0.0541104126303202
0.989538525249368	0.746008501425751	-0.0546472650719069	0.0546472650719069	-0.0546472650719069
0.106328918892279	0.245606810867537	-0.0445280489092152	0.0445280489092152	-0.0445280489092152
0.815320943952884	0.887677581337401	-0.00396365443206986	-0.00396365443206986	-0.00396365443206986
0.106095590603041	0.529622610702683	0.00207721426234611	0.00207721426234611	-0.00207721426234611
0.963560893549869	0.716583925114955	-0.138876680638896	-0.138876680638896	-0.138876680638896
0.162881658740681	0.160209298682486	0.0450834352140527	-0.0450834352140527	-0.0450834352140527
0.972258209270037	0.446383180421536	0.00945023435239309	0.00945023435239309	-0.00945023435239309
0.628801321048063	0.188281736230668	0.0253669881900265	-0.0253669881900265	0.0253669881900265
0.546436515147018	0.786992689886349	0.0296232734056755	0.0296232734056755	0.0296232734056755
0.382334860981127	0.535102188176523	-0.043704215283279	-0.043704215283279	-0.043704215283279
0.440795228681867	0.75942662337565	-0.0237453366514461	-0.0237453366514461	-0.0237453366514461
0.634569981021129	0.693218014005644	0.071400947841986	-0.071400947841986	-0.071400947841986
0.416087408758403	0.14890536913049	-0.0183010049261417	0.0183010049261417	-0.0183010049261417
0.9455038355724	0.776739551760037	-0.0401209256867268	-0.0401209256867268	-0.0401209256867268
0.515193312558058	0.0430304511304447	0.0361428099507507	-0.0361428099507507	-0.0361428099507507
0.891616891335976	0.980207865920558	-0.197778247486085	0.197778247486085	-0.197778247486085
0.977558882238141	0.618270219741201	-0.0307215680334498	-0.0307215680334498	0.0307215680334498
0.223739487154154	0.828161309024029	-0.00196881062742076	0.00196881062742076	-0.00196881062742076
0.884946055303951	0.857369694474122	0.0380583936642436	-0.0380583936642436	0.0380583936642436
0.112829446085199	0.0132976579480727	0.045459388380158	-0.045459388380158	0.045459388380158
0.976794209136516	0.929678471883659	-0.197803312731426	0.197803312731426	0.197803312731426
0.138559973626919	0.110686518118593	0.0788904356248789	0.0788904356248789	-0.0788904356248789
0.0960851336367392	0.138326833546875	0.127935664088833	-0.127935664088833	-0.127935664088833
0.668919125698575	0.343159423218185	-0.0160525595066254	-0.0160525595066254	0.0160525595066254
0.986550318896223	0.900881521004827	0.111584434882445	0.111584434882445	0.111584434882445
0.182484699830134	0.062150814730438	0.116491866627967	0.116491866627967	-0.116491866627967
0.982246522201052	0.983935753497493	0.479522991416198	-0.479522991416198	0.479522991416198
0.0935746682740892	0.372448628553907	-0.0728917532375511	-0.0728917532375511	-0.0728917532375511
0.552321406719175	0.933733565726027	-0.0158863837524289	0.0158863837524289	-0.0158863837524289
0.0973550626991364	0.0342847772147934	0.19833001913108	0.19833001913108	-0.19833001913108
0.872806939483006	0.702493363217634	-0.0285932173241418	0.0285932173241418	0.0285932173241418
0.416070939217195	0.967922416461634	0.00265996716615496	0.00265996716615496	0.00265996716615496
0.977041223288083	0.0997312088014721	0.0372304059968994	0.0372304059968994	-0.0372304059968994
0.950546801920415	0.86683181105593	0.0131120846804762	0.0131120846804762	-0.0131120846804762
0.84734574612917	0.831279760389757	-0.0333463588603735	-0.0333463588603735	0.0333463588603735
0.148586117370291	0.221304695075925	-0.0552298446828389	0.0552298446828389	0.0552298446828389
0.988004253564905	0.950364725796121	0.164977355153476	0.164977355153476	0.164977355153476
0.358842189449131	0.0492089122003996	-0.0538261301586033	0.0538261301586033	-0.0538261301586033
0.946103367742366	0.928113967766585	0.180339048636263	-0.180339048636263	0.180339048636263
0.697469871904557	0.552247919908337	0.0239160995168968	0.0239160995168968	0.0239160995168968
0.17722947186914	0.761985036912661	-0.0354372758344352	0.0354372758344352	-0.0354372758344352
0.772434510700532	0.733298443890755	0.0142544993931779	0.0142544993931779	0.0142544993931779
0.637135202346159	0.544085016242006	0.0224919863496253	-0.0224919863496253	0.0224919863496253
0.0864428942280785	0.438762466403802	-0.0195961436522783	-0.0195961436522783	-0.0195961436522783
0.353732402810036	0.132851007207306	0.0771743390138379	0.0771743390138379	0.0771743390138379
0.317644584678714	0.129115640334972	0.0716139925666639	-0.0716139925666639	0.0716139925666639
0.688345963186538	0.391920917006005	-0.0062180538219418	-0.0062180538219418	-0.0062180538219418
0.46686200578078	0.910774556230289	0.0476643384693451	-0.0476643384693451	-0.0476643384693451
0.0430593405527413	0.050119951485341	-0.0462583524829207	-0.0462583524829207	-0.0462583524829207
0.742044132951479	0.826062312680352	0.0230778125216768	0.0230778125216768	0.0230778125216768
0.247197412520296	0.319631273641258	0.0228512463905174	0.0228512463905174	0.0228512463905174
0.157497164079212	0.0408105837841602	0.106345055678122	-0.106345055678122	0.106345055678122
0.0296645425179254	0.0600923679679061	0.0942867511964555	0.0942867511964555	-0.0942867511964555
0.989708305247727	0.986133199521605	0.19184219242125	-0.19184219242125	-0.19184219242125
0.205027234209194	0.0156173600679889	0.125524556629371	-0.125524556629371	-0.125524556629371
0.968424529115003	0.950285031341943	0.0397941463289584	-0.0397941463289584	0.0397941463289584
0.032272029881851	0.186554634000443	-0.105509844008142	-0.105509844008142	-0.105509844008142
0.515667835074028	0.857162630637899	0.0146250392041827	0.0146250392041827	0.0146250392041827
0.846649411739845	0.616884402221621	0.0550156347179098	0.0550156347179098	-0.0550156347179098
0.153823372232642	0.128065512115892	0.0876451649169504	0.0876451649169504	0.0876451649169504
0.301783205597132	0.312565078487911	0.0908688024516857	0.0908688024516857	-0.0908688024516857
0.71255217957431	0.794323782611689	0.0485604563570397	0.0485604563570397	0.0485604563570397
0.467504070564419	0.790575634654802	-0.0173832635820801	0.0173832635820801	0.0173832635820801
0.985526115508975	0.804654915505625	0.0649632648180149	-0.0649632648180149	0.0649632648180149
0.550747215506096	0.746657206748323	-0.0322572038761915	-0.0322572038761915	0.0322572038761915
0.645282086335787	0.968726558936577	0.00785281649321843	-0.00785281649321843	0.00785281649321843
0.0636206767781578	0.0947368918408538	-0.110240474302213	-0.110240474302213	0.110240474302213
0.0774566950411	0.442437243267776	0.0353037699342417	0.0353037699342417	-0.0353037699342417
0.263205367954042	0.157764262254377	-0.0291551183144985	-0.0291551183144985	-0.0291551183144985
0.314512085152607	0.880647667295432	-0.0506357339730824	-0.0506357339730824	-0.0506357339730824
0.0669148793497906	0.0745759919184849	-0.118641253218294	-0.118641253218294	-0.118641253218294
0.557810518560879	0.134760416460112	0.0145512993424364	-0.0145512993424364	-0.0145512993424364
0.452817208846098	0.578288907056036	0.00824738791179939	-0.00824738791179939	0.00824738791179939
0.887767849969468	0.853697224715789	0.0302574682398877	0.0302574682398877	0.0302574682398877
0.968838672610821	0.98426393891829	-0.137494851054682	-0.137494851054682	0.137494851054682
0.392516475298686	0.215836775584566	0.0294891262701983	-0.0294891262701983	-0.0294891262701983
0.377104578641161	0.460121261425393	-0.0385349313910925	0.0385349313910925	-0.0385349313910925
0.22147981869449	0.297599249685063	0.0295483350943293	-0.0295483350943293	0.0295483350943293
0.411779700834207	0.153435509002497	0.0361707509662899	-0.0361707509662899	0.0361707509662899
0.55483366592483	0.307821914527353	-0.0368413873823417	0.0368413873823417	-0.0368413873823417
0.856315892181265	0.848849262174762	0.0345781494721893	0.0345781494721893	-0.0345781494721893
0.0848424819782661	0.891984412142746	-0.00924222993347448	0.00924222993347448	-0.00924222993347448
0.413799318889804	0.101739193546511	0.101583237046477	-0.101583237046477	-0.101583237046477
0.954385767288719	0.859082773588855	0.0756831137458514	0.0756831137458514	0.0756831137458514
0.097301042898306	0.286606662074138	-0.0124855084633472	-0.0124855084633472	0.0124855084633472
0.859615630320109	0.706451928098203	0.0449787658520882	-0.0449787658520882	-0.0449787658520882
0.0170191081465829	0.0112503584141353	-0.566145312903	-0.566145312903	-0.566145312903
0.408650092950702	0.426457945297504	-0.0772633529056415	0.0772633529056415	-0.0772633529056415
0.17661901878278	0.0488033398647741	0.0270689803418596	0.0270689803418596	0.0270689803418596
0.334712159116011	0.0370833032983707	0.0786154189156	-0.0786154189156	-0.0786154189156
0.985988639821014	0.94702909167339	-0.492160918073594	0.492160918073594	0.492160918073594
0.810134726052701	0.818085794595332	-0.0234443277379791	0.0234443277379791	0.0234443277379791
0.771694826577537	0.430388731881359	-0.0235375052633818	0.0235375052633818	0.0235375052633818
0.833062308224774	0.349471864595985	-0.0312398916397586	-0.0312398916397586	0.0312398916397586
0.359441404601608	0.393407977163701	0.0696600097383859	-0.0696600097383859	-0.0696600097383859
0.0998312428208322	0.0532546704351909	-0.0618390183435019	0.0618390183435019	-0.0618390183435019
0.111875271696343	0.757688322190666	-0.0183304195794942	0.0183304195794942	0.0183304195794942
0.987302754693906	0.541347934059737	0.0522117849824894	0.0522117849824894	-0.0522117849824894
0.0208149848642877	0.0138445472408182	-0.00182214667347668	-0.00182214667347668	0.00182214667347668
0.450701657826804	0.6639775922684	0.0270043707199843	0.0270043707199843	0.0270043707199843
0.701078405609715	0.775737074851413	0.0378254264779091	0.0378254264779091	-0.0378254264779091
0.0905319514294016	0.322630363565879	0.0212697726457763	0.0212697726457763	-0.0212697726457763
0.754873141027947	0.825708305076934	-0.0280474347263458	-0.0280474347263458	-0.0280474347263458
0.855064290490255	0.180790803302035	-0.021366886670032	0.021366886670032	0.021366886670032
0.979500623887852	0.965859107477782	-0.135837095866974	0.135837095866974	-0.135837095866974
0.261446423038296	0.296148218792597	-0.0114229975726653	-0.0114229975726653	-0.0114229975726653
0.474619310542614	0.79010926500261	-0.0633575671428356	-0.0633575671428356	-0.0633575671428356
0.570759335745026	0.93637173603766	0.0619052180665711	0.0619052180665711	-0.0619052180665711
0.0590713502252749	0.197331462836721	-0.153460690899627	-0.153460690899627	-0.153460690899627
0.223178410557618	0.460211541100891	0.00412300742475939	-0.00412300742475939	-0.00412300742475939
0.01871003137783	0.0212459234957229	0.217210293505202	0.217210293505202	0.217210293505202
0.254128223346867	0.394596721891653	0.00126128983389082	0.00126128983389082	0.00126128983389082
0.0131134284046433	0.0671948436761152	-0.26822650224288	-0.26822650224288	0.26822650224288
0.887902809737187	0.913422443867705	0.121197231137705	-0.121197231137705	-0.121197231137705
0.941678399770579	0.988435291629255	-0.237997445371578	0.237997445371578	-0.237997445371578
0.951104027863648	0.965335456512869	-0.142649282968077	-0.142649282968077	0.142649282968077
0.476382431152203	0.585035635289939	0.00292661991019741	-0.00292661991019741	0.00292661991019741
0.0377810795964512	0.0206704620131075	0.246973823342532	0.246973823342532	0.246973823342532
0.587384138992359	0.715380081654144	0.0117430468608384	0.0117430468608384	-0.0117430468608384
0.608043357207491	0.942295649301314	0.069313296365455	-0.069313296365455	-0.069313296365455
0.311554309980375	0.466067841319083	0.0164148253442613	0.0164148253442613	-0.0164148253442613
0.0577618381535148	0.18254690302318	-0.00212995487823054	0.00212995487823054	-0.00212995487823054
0.928120632074487	0.898041652676596	-0.189218895000663	0.189218895000663	0.189218895000663
0.709042535622466	0.832744107455042	0.000860607382535428	0.000860607382535428	-0.000860607382535428
0.304013178407683	0.312290359840136	-0.0469541981040639	-0.0469541981040639	-0.0469541981040639
0.102616258551404	0.389525251721045	0.0543172724178273	0.0543172724178273	-0.0543172724178273
0.593184187317918	0.172570224376399	0.0361600964973264	-0.0361600964973264	0.0361600964973264
0.579609383436292	0.509159714300988	-0.0243679351857454	-0.0243679351857454	0.0243679351857454
0.47517638602206	0.569492881175236	0.0119600111493021	-0.0119600111493021	0.0119600111493021
0.0327558995463902	0.0934795519439742	-0.0072584796283305	0.0072584796283305	-0.0072584796283305
0.952542837035949	0.957069038728224	0.13579032428511	-0.13579032428511	0.13579032428511
0.846149335188593	0.813673637176063	0.0628331219451413	-0.0628331219451413	0.0628331219451413
0.102223987505203	0.238838787952949	0.0268237535936652	0.0268237535936652	-0.0268237535936652
0.0145204541477558	0.227302948074967	0.00199449722896908	0.00199449722896908	-0.00199449722896908
0.764806056231471	0.96804225515456	-0.0125527413243504	-0.0125527413243504	0.0125527413243504
0.446098688030386	0.345160873591062	0.0310367966210993	-0.0310367966210993	-0.0310367966210993
0.517620061772768	0.468105017003722	0.0119398234038875	-0.0119398234038875	-0.0119398234038875
0.895151964245652	0.585802062763386	-0.05095898396543	-0.05095898396543	-0.05095898396543
0.350880978471944	0.173912522237479	0.0203731156091604	-0.0203731156091604	-0.0203731156091604
0.0754185160649383	0.407618389689303	-0.0193621103262447	-0.0193621103262447	0.0193621103262447
0.197775255236948	0.539227389128342	-0.0295500787129627	-0.0295500787129627	-0.0295500787129627
0.254020578976502	0.0445637760765246	-0.047986586058465	-0.047986586058465	0.047986586058465
0.168463094972928	0.0174509917852477	0.0784726308692084	0.0784726308692084	-0.0784726308692084
0.545884449461084	0.715459442139623	0.00180779309272112	0.00180779309272112	-0.00180779309272112
0.171067869220834	0.0113585528862756	0.034450023454747	0.034450023454747	-0.034450023454747
0.885923211562619	0.787898223959388	0.0108719396657477	-0.0108719396657477	0.0108719396657477
0.313898686232324	0.36060487821607	0.0105477896920102	-0.0105477896920102	0.0105477896920102
0.0961432823698374	0.383701578905882	-0.0788235551139261	-0.0788235551139261	0.0788235551139261
0.553203869995111	0.411045184151108	-0.0142344821212009	0.0142344821212009	0.0142344821212009
0.322371561360838	0.477930464598982	0.002491898803562	-0.002491898803562	0.002491898803562
0.832028345506414	0.529465126410245	0.0424011909432113	-0.0424011909432113	0.0424011909432113
0.907937735083361	0.419134741333992	-0.0204435388541526	0.0204435388541526	-0.0204435388541526
0.0202525275560906	0.140645682717974	0.0710702687147288	-0.0710702687147288	-0.0710702687147288
0.948475239546204	0.695826786126391	0.0267154529663137	-0.0267154529663137	0.0267154529663137
0.304849557473926	0.0460676518622783	-0.0342376272051849	0.0342376272051849	-0.0342376272051849
0.219695510145601	0.401281318405676	-0.0248945647309339	0.0248945647309339	-0.0248945647309339
0.860435766305081	0.865178905066242	0.027572681349919	-0.027572681349919	-0.027572681349919
0.12682321356885	0.0972405150191561	0.0228300720836076	-0.0228300720836076	0.0228300720836076
0.470164820400269	0.248253118026814	0.0215371230765588	0.0215371230765588	-0.0215371230765588
0.913958420536913	0.894663047773246	-0.0204504878086278	-0.0204504878086278	0.0204504878086278
0.819758384180506	0.803178387023679	0.0550672519584232	-0.0550672519584232	0.0550672519584232
0.504683952102791	0.800499851859123	0.014577294459168	-0.014577294459168	-0.014577294459168
0.205486940761732	0.528019047744041	0.022865689374226	0.022865689374226	-0.022865689374226
0.746539795593428	0.861009960700768	0.00116643196008044	0.00116643196008044	-0.00116643196008044
0.64405721315421	0.829288065817636	-0.041768967832592	0.041768967832592	0.041768967832592
0.866755692140628	0.710062368114904	0.0183029863018768	0.0183029863018768	0.0183029863018768
0.887920204841481	0.662735024294235	0.0760236146665127	0.0760236146665127	-0.0760236146665127
0.392891577899991	0.0348286579894089	0.0477786322340724	-0.0477786322340724	0.0477786322340724
0.158588030118199	0.304742573491711	-0.0384610710831039	0.0384610710831039	-0.0384610710831039
0.0427484555343763	0.129377130634703	-0.0829698849398755	0.0829698849398755	-0.0829698849398755
0.0369462722309886	0.556824983246055	-0.0150049043930917	0.0150049043930917	-0.0150049043930917
0.0299356244667727	0.0951558910151434	0.0898468123906216	-0.0898468123906216	-0.0898468123906216
0.683256415022517	0.691364806648685	-0.071762209865559	0.071762209865559	0.071762209865559
0.503018239171609	0.860808223910821	0.00630053004506223	0.00630053004506223	-0.00630053004506223
0.0864709204245568	0.348566946609626	-0.0220093617165292	-0.0220093617165292	0.0220093617165292
0.396421611685804	0.219657140686659	0.015697841133452	-0.015697841133452	0.015697841133452
0.283040985047482	0.418563336018176	0.0396966146404152	-0.0396966146404152	0.0396966146404152
0.21959670669513	0.497289052476771	-0.072842853146414	0.072842853146414	-0.072842853146414
0.464147190261542	0.408460033720655	-0.000676312795717283	0.000676312795717283	0.000676312795717283
0.14786791641104	0.85669744953563	0.0401638482898982	0.0401638482898982	0.0401638482898982
0.6474924451283	0.499917472869181	0.0156371442651939	0.0156371442651939	0.0156371442651939
0.53277819938174	0.768526736552333	0.0131004042432262	-0.0131004042432262	0.0131004042432262
0.39456976507099	0.585158800815993	-0.00710482646001159	0.00710482646001159	0.00710482646001159
0.412859287811569	0.317023834322269	0.0180472288581857	0.0180472288581857	0.0180472288581857
0.943078145890649	0.378748326415227	0.00441799918969474	0.00441799918969474	-0.00441799918969474
0.749357402086108	0.620899594222399	0.0252592269816211	-0.0252592269816211	0.0252592269816211
0.888537671507686	0.487946856015878	-0.00440039855598394	-0.00440039855598394	0.00440039855598394
0.548937215987933	0.608682326424862	0.00780375910694312	-0.00780375910694312	0.00780375910694312
0.331283186468437	0.602920692792314	-0.0483682030115391	0.0483682030115391	0.0483682030115391
0.422800491325327	0.387513958758809	-0.0258218042922535	0.0258218042922535	-0.0258218042922535
0.303319300849544	0.423010964276693	-0.0161403568624709	-0.0161403568624709	-0.0161403568624709
0.03810684563483	0.199604542729006	0.0483830750146233	0.0483830750146233	-0.0483830750146233
0.0143019831878966	0.1747778626468	-0.038585228853123	-0.038585228853123	-0.038585228853123
0.0132205562979187	0.020075696910362	0.310869113857182	-0.310869113857182	-0.310869113857182
0.936909165264189	0.669760028292928	-0.0185286158313423	0.0185286158313423	-0.0185286158313423
0.286265972653559	0.0148956225926302	-0.0746486283595645	0.0746486283595645	0.0746486283595645
0.25376703615767	0.0881040032934433	0.0137217724287425	0.0137217724287425	0.0137217724287425
0.609108079451695	0.929407664070755	-0.024930160676084	0.024930160676084	0.024930160676084
0.289032690337303	0.219573767565419	-0.054376241972999	0.054376241972999	-0.054376241972999
0.0201164816415132	0.0534657080663732	-0.202595074185375	-0.202595074185375	0.202595074185375
0.102652433705407	0.157295315329456	0.101447774789549	-0.101447774789549	-0.101447774789549
0.320727551992888	0.318383386790977	-0.0320570876137432	0.0320570876137432	-0.0320570876137432
0.460141264823996	0.527111909945541	-0.0392173689155346	-0.0392173689155346	-0.0392173689155346
0.792122485883016	0.938038927694485	0.0317803955141442	0.0317803955141442	-0.0317803955141442
0.0938724359718004	0.523863407151434	0.0713672943073777	0.0713672943073777	-0.0713672943073777
0.914126848588909	0.421485696261319	-0.00588796229734953	-0.00588796229734953	0.00588796229734953
0.0465241599522549	0.0248444113079759	-0.169019347186081	-0.169019347186081	-0.169019347186081
0.79975071151016	0.748555411244673	0.0416803567236874	0.0416803567236874	-0.0416803567236874
0.687311140645021	0.727978070194993	-0.0205357427862343	-0.0205357427862343	0.0205357427862343
0.457549169638015	0.737636726970011	0.00489481620942561	-0.00489481620942561	0.00489481620942561
0.817091259004592	0.725878270466902	0.00430363402819058	0.00430363402819058	-0.00430363402819058
0.344743356240847	0.551689655021602	0.0690234442203449	-0.0690234442203449	-0.0690234442203449
0.988976162235032	0.989761326625053	0.665751640234611	0.665751640234611	-0.665751640234611
0.278600789516115	0.0521468831879873	0.0260060825360457	0.0260060825360457	-0.0260060825360457
0.75746153248143	0.271465257887909	0.0100390813282531	0.0100390813282531	-0.0100390813282531
0.481008813707056	0.207661302577362	0.00919066868662573	0.00919066868662573	-0.00919066868662573
0.403980332428935	0.199573817278953	-0.00638797053341617	-0.00638797053341617	0.00638797053341617
0.507466470261342	0.0689101878933448	-0.0453880737024798	-0.0453880737024798	0.0453880737024798
0.968364954501578	0.879611672222617	0.0176912890304709	-0.0176912890304709	-0.0176912890304709
0.842572459383836	0.561292917955226	-0.037305340425184	0.037305340425184	0.037305340425184
0.965175966265357	0.923179879414155	-0.0792526617873881	-0.0792526617873881	-0.0792526617873881
0.361678903526064	0.371302211044782	-0.0438565928124109	-0.0438565928124109	-0.0438565928124109
0.978876162369449	0.734719311747485	0.0363313367900404	0.0363313367900404	0.0363313367900404
0.159060804919568	0.137541260629709	0.0626695031106625	0.0626695031106625	-0.0626695031106625
0.957177760585179	0.566630251784092	0.0882548297933205	0.0882548297933205	-0.0882548297933205
0.987877730522104	0.87385943162747	0.00542529596946097	0.00542529596946097	0.00542529596946097
0.63136190256012	0.573660783415051	-0.013999792327076	0.013999792327076	-0.013999792327076
0.0486545920788784	0.131707246756191	-0.0433792078184505	-0.0433792078184505	-0.0433792078184505
0.936616210691804	0.966909756804239	0.143849871360578	-0.143849871360578	0.143849871360578
0.403968003530678	0.549093555360966	0.0480090362676797	0.0480090362676797	-0.0480090362676797
0.176651802803851	0.312458365435963	0.0142048138737724	0.0142048138737724	-0.0142048138737724
0.0687390705630657	0.114436524799887	-0.0106099537272789	0.0106099537272789	-0.0106099537272789
0.989623473160629	0.974297354084023	0.232948624592133	-0.232948624592133	0.232948624592133
0.686983733346589	0.733155894439938	0.0198646311274341	0.0198646311274341	-0.0198646311274341
0.463760538523853	0.507035490921872	-0.000910115009667993	-0.000910115009667993	0.000910115009667993
0.395234194292022	0.123783665962975	-0.100119180103808	0.100119180103808	0.100119180103808
0.508811714778095	0.859771082536036	-0.0381046504595993	0.0381046504595993	-0.0381046504595993
0.1902623278702	0.591155653569676	-0.0286689195161138	0.0286689195161138	0.0286689195161138
0.641609356254512	0.98183033620399	-0.068831272054313	-0.068831272054313	0.068831272054313
0.431408187168243	0.0435593162242105	0.0264935215954698	0.0264935215954698	0.0264935215954698
0.775493883004484	0.750572795382329	0.0199503811744103	0.0199503811744103	-0.0199503811744103
0.757076922860561	0.236911846174123	-0.0248416293377097	0.0248416293377097	-0.0248416293377097
0.320075309294465	0.257722442123304	0.0447074686277151	-0.0447074686277151	0.0447074686277151
0.495032650366089	0.0197421932506838	-0.0157586284690507	0.0157586284690507	-0.0157586284690507
0.673151720891604	0.850887584649867	-0.0592024361136339	-0.0592024361136339	-0.0592024361136339
0.754618565358698	0.414035330663676	0.0164874014411116	0.0164874014411116	0.0164874014411116
0.100051785621782	0.224351828262986	-0.0202908893498106	-0.0202908893498106	-0.0202908893498106
0.488397440116401	0.481983086331921	-0.00453137191448875	0.00453137191448875	-0.00453137191448875
0.17799446269347	0.0220831724265058	-0.00352575371174086	0.00352575371174086	-0.00352575371174086
0.920633338182734	0.841426971253321	-0.0410166052578455	-0.0410166052578455	-0.0410166052578455
0.0952160410075184	0.492968438361429	0.0389263749470059	0.0389263749470059	-0.0389263749470059
0.882488693442375	0.956638709670766	-0.0490724414061902	-0.0490724414061902	-0.0490724414061902
0.108338599079769	0.640382343587397	-0.0502938768901915	0.0502938768901915	-0.0502938768901915
0.0713137480707519	0.692655858657754	0.0924610083252459	-0.0924610083252459	-0.0924610083252459
0.424550522865826	0.351532213084291	-0.0137411335087437	0.0137411335087437	-0.0137411335087437
0.0855145952500401	0.0161642654951317	0.15398996664553	-0.15398996664553	-0.15398996664553
0.191246685143799	0.11474204915829	0.0265469978108309	-0.0265469978108309	0.0265469978108309
0.967301861314878	0.787075371317325	-0.0195770622893034	-0.0195770622893034	0.0195770622893034
0.342111558607873	0.936978715791814	-0.0389600720532672	-0.0389600720532672	0.0389600720532672
0.0180364942454479	0.0237751091427808	-0.194492411005476	-0.194492411005476	0.194492411005476
0.644530797377849	0.256944885747051	0.0315048772012519	-0.0315048772012519	-0.0315048772012519
0.783007466674616	0.964852610769143	-0.100789330702233	-0.100789330702233	0.100789330702233
0.974537313093031	0.520834084208002	0.0289104025465885	-0.0289104025465885	-0.0289104025465885
0.209075213448085	0.0163827776723473	-0.00666136278351475	-0.00666136278351475	0.00666136278351475
0.332044026144036	0.392720143272319	0.00467241014184888	0.00467241014184888	0.00467241014184888
0.30600832503092	0.71284337874011	0.00965451355669281	0.00965451355669281	0.00965451355669281
0.961761358288641	0.945228389702983	0.0700589139897995	0.0700589139897995	0.0700589139897995
0.324523834902604	0.0260702902966168	0.0272259966837129	0.0272259966837129	-0.0272259966837129
0.0699169080668022	0.168997582471893	0.0759678833827211	-0.0759678833827211	-0.0759678833827211
0.0157118891462227	0.108537241793939	-0.0306240480094196	-0.0306240480094196	0.0306240480094196
0.779857610220277	0.466340589987228	-0.00349938232819189	-0.00349938232819189	-0.00349938232819189
0.126146707636979	0.955393124875132	-0.0255200565299047	0.0255200565299047	-0.0255200565299047
0.147044042983729	0.807046135707139	0.00129583612151735	0.00129583612151735	-0.00129583612151735
0.199488301327874	0.437627834236606	-0.000212437203079793	-0.000212437203079793	-0.000212437203079793
0.434357465937261	0.496811990122553	-0.0185736625794821	0.0185736625794821	-0.0185736625794821
0.369923212699032	0.586160492920459	-0.0205091353066927	0.0205091353066927	-0.0205091353066927
0.384434630919287	0.732522265182851	-0.0425431394153018	-0.0425431394153018	-0.0425431394153018
0.956280664181936	0.880213140768131	0.113794612597297	-0.113794612597297	0.113794612597297
0.305322305733623	0.527465549585332	0.00179941947858269	0.00179941947858269	0.00179941947858269
0.025234024747592	0.159725275000046	-0.0631905154638715	0.0631905154638715	0.0631905154638715
0.212913396395416	0.0430688906809962	0.067065286030818	0.067065286030818	0.067065286030818
0.899647805597382	0.810439880296906	-0.0133736389897305	0.0133736389897305	-0.0133736389897305
0.0410312318427102	0.0183519652721041	0.271003620026399	-0.271003620026399	0.271003620026399
0.612457172764688	0.205472706196417	0.00601167585845999	-0.00601167585845999	0.00601167585845999
0.886113685401108	0.506777318752306	0.00299046543972945	-0.00299046543972945	-0.00299046543972945
0.815574135186768	0.596066403191068	0.0535759850593385	0.0535759850593385	0.0535759850593385
0.714077543349001	0.842406221952781	0.121227420769102	-0.121227420769102	-0.121227420769102
0.710955000521259	0.514160617984692	0.00400646070881823	-0.00400646070881823	0.00400646070881823
0.295631027439989	0.635293595944645	0.0301777533475691	0.0301777533475691	-0.0301777533475691
0.0417259844753999	0.285340943672201	0.0461492256438432	-0.0461492256438432	-0.0461492256438432
0.0520497193547914	0.234814107895896	0.111185178546244	0.111185178546244	-0.111185178546244
0.643657465332993	0.917363615148021	0.041937984017655	0.041937984017655	-0.041937984017655
0.75589756917763	0.701897428169488	0.0367059127285162	-0.0367059127285162	-0.0367059127285162
0.855264785842631	0.660995238872163	-0.0190949259765819	-0.0190949259765819	-0.0190949259765819
0.341508003763144	0.651765256375435	-0.0436930089741759	-0.0436930089741759	0.0436930089741759
0.902475506224802	0.973328874010797	0.0371189896016706	0.0371189896016706	-0.0371189896016706
0.0437894249647953	0.0647793451400061	0.259600411806712	0.259600411806712	0.259600411806712
0.0750783072627338	0.0248467103365223	0.102568769585016	0.102568769585016	-0.102568769585016
0.214624983812527	0.0347965998558832	0.0374522652726753	-0.0374522652726753	0.0374522652726753
0.933737144239641	0.746021836587608	-0.0812869698750161	-0.0812869698750161	-0.0812869698750161
0.0773215020356013	0.0644547314375272	-0.0791076639474663	-0.0791076639474663	-0.0791076639474663
0.785344696004038	0.855318070355593	-0.041183746497631	0.041183746497631	0.041183746497631
0.72814097825459	0.615573750400128	0.0409213041178291	0.0409213041178291	-0.0409213041178291
0.944340900960224	0.261954724750975	-0.0122039953517425	0.0122039953517425	-0.0122039953517425
0.346457871698549	0.13681687822185	0.0260280668301713	0.0260280668301713	0.0260280668301713
0.0655822680701477	0.691076386417941	-0.0142662681618166	0.0142662681618166	-0.0142662681618166
0.0869507032726664	0.426000436627069	0.0367557861646372	-0.0367557861646372	0.0367557861646372
0.895545662287545	0.447084411773839	0.069227322837946	0.069227322837946	-0.069227322837946
0.287059615915691	0.186665713182281	-0.0775411119464831	0.0775411119464831	0.0775411119464831
0.428355325106906	0.838275013513718	0.0338369326576362	-0.0338369326576362	0.0338369326576362
0.830875857013788	0.948004415870462	-0.0591198977073534	-0.0591198977073534	-0.0591198977073534
0.976867130835009	0.980237879225815	0.0881947202430285	-0.0881947202430285	-0.0881947202430285
0.268020159586135	0.0621785083398305	0.0465364012996912	-0.0465364012996912	0.0465364012996912
0.642443973702993	0.424769218530665	0.0013752029673559	0.0013752029673559	0.0013752029673559
0.925164719624534	0.90118944704213	0.0361556503452402	-0.0361556503452402	0.0361556503452402
0.695039376639557	0.98482335236751	-0.0587248685624113	0.0587248685624113	-0.0587248685624113
0.088851572986674	0.0129715092871467	-0.082689373972881	-0.082689373972881	0.082689373972881
0.203593493546333	0.488627815275971	-0.0535594315561989	0.0535594315561989	0.0535594315561989
0.367359683623578	0.124968922305951	0.0332399078572869	-0.0332399078572869	-0.0332399078572869
0.0354564737955183	0.0113006848544529	-0.143039354767488	0.143039354767488	-0.143039354767488
0.948031479705007	0.855014469676482	0.0327553859901918	0.0327553859901918	-0.0327553859901918
0.0535228267680874	0.488847268192107	-0.0610537208693838	-0.0610537208693838	0.0610537208693838
0.339975427795119	0.969480635575858	0.0264143229455863	0.0264143229455863	-0.0264143229455863
0.19858479736341	0.40218660851339	-0.00934888392892823	0.00934888392892823	-0.00934888392892823
0.973086540526782	0.708713613889608	-0.00486109880915352	0.00486109880915352	0.00486109880915352
0.155982539107876	0.0300411163200365	-0.00666867534332194	0.00666867534332194	-0.00666867534332194
0.0675307684695408	0.0570851302839532	-0.12899550135562	0.12899550135562	-0.12899550135562
0.595730078786126	0.420160607887603	-0.0309149804284903	-0.0309149804284903	0.0309149804284903
0.493882321315008	0.62370746812913	-0.0232245032736749	-0.0232245032736749	0.0232245032736749
0.595980059821251	0.452740164451636	-0.00558198888934641	0.00558198888934641	-0.00558198888934641
0.907335789923013	0.699789438554906	-0.00178620746863339	-0.00178620746863339	0.00178620746863339
0.138176964679243	0.0668971221660918	0.0531843300588547	0.0531843300588547	-0.0531843300588547
0.818147045871906	0.789359725492617	-0.0273721485896794	0.0273721485896794	-0.0273721485896794
0.789362940493668	0.557905773035815	0.0266816421416797	0.0266816421416797	0.0266816421416797
0.85197749808449	0.468889183268171	0.0211976960992081	-0.0211976960992081	-0.0211976960992081
0.22938825503169	0.136884500235037	-0.0623140773144793	0.0623140773144793	-0.0623140773144793
0.0851520670969457	0.454455113108704	0.0074057097741246	0.0074057097741246	-0.0074057097741246
0.3972661327048	0.677746400991997	0.0107183567763268	-0.0107183567763268	-0.0107183567763268
0.319662155845822	0.0428642753422495	-0.0652320412578493	0.0652320412578493	-0.0652320412578493
0.973926712734339	0.471057043261174	0.0676180273473589	0.0676180273473589	-0.0676180273473589
0.232917409004746	0.0123958340587205	0.00111250964558738	-0.00111250964558738	0.00111250964558738
0.180312449668327	0.0231830239501113	0.0792338737690131	0.0792338737690131	-0.0792338737690131
0.221244199953544	0.349537981965669	0.00470062107911164	-0.00470062107911164	-0.00470062107911164
0.741171490103701	0.924652048817483	-0.0157906757266564	0.0157906757266564	-0.0157906757266564
0.668032164134349	0.0924649892032942	0.0212022675202976	-0.0212022675202976	-0.0212022675202976
0.727521019757318	0.30441483531824	-0.00319466211626598	-0.00319466211626598	0.00319466211626598
0.163348773602791	0.182919461673314	-0.0193032891712013	0.0193032891712013	-0.0193032891712013
0.334580039970105	0.139715532461255	0.015806173467724	0.015806173467724	-0.015806173467724
0.335534032625541	0.839423655389464	-0.0720020442062881	0.0720020442062881	-0.0720020442062881
0.0660765334859783	0.64911748887462	-0.00537743541538926	-0.00537743541538926	-0.00537743541538926
0.838023568246409	0.94817385370052	0.0774520922629409	0.0774520922629409	-0.0774520922629409
0.871271675992065	0.181260730144124	-0.0018187756583815	-0.0018187756583815	-0.0018187756583815
0.138428920142773	0.379766875476439	0.0625012115116132	-0.0625012115116132	-0.0625012115116132
0.0626177505937005	0.237488163343269	-0.0142060123680873	0.0142060123680873	0.0142060123680873
0.727374885117084	0.436851521966283	0.030545713723713	-0.030545713723713	-0.030545713723713
0.575981534284827	0.986304436646312	-0.0135960880331136	0.0135960880331136	0.0135960880331136
0.986327901911949	0.977130160536938	-0.0730483888632272	0.0730483888632272	0.0730483888632272
0.958632378248695	0.264005425346446	-0.0138804165863435	0.0138804165863435	0.0138804165863435
0.5095076528296	0.726557363378216	0.0147361453889721	0.0147361453889721	0.0147361453889721
0.0519292973691265	0.020083493583151	-0.094905240509768	0.094905240509768	0.094905240509768
0.216849025489805	0.43781274552746	-0.0149256869615827	0.0149256869615827	-0.0149256869615827
0.23705827511276	0.275927848399489	0.0232338422893135	0.0232338422893135	-0.0232338422893135
0.443550912282919	0.139048984974108	-0.0344846052459197	-0.0344846052459197	-0.0344846052459197
0.874944402358558	0.888336955388142	-0.0465138543479932	-0.0465138543479932	-0.0465138543479932
0.242583026253562	0.573137375381523	-0.0105796689084942	0.0105796689084942	-0.0105796689084942
0.531519617145897	0.791548883327257	-0.0327250135456815	0.0327250135456815	0.0327250135456815
0.524469107553998	0.0655657151191006	-0.017765470384717	0.017765470384717	0.017765470384717
0.642514113960996	0.4164657223068	0.0688798991441826	0.0688798991441826	-0.0688798991441826
0.0616055865546909	0.176108443256484	0.0364020759393832	-0.0364020759393832	-0.0364020759393832
0.980646464939277	0.572029653658897	-0.040956012928973	-0.040956012928973	0.040956012928973
0.759607408204248	0.849212123759836	0.0652449439151333	0.0652449439151333	0.0652449439151333
0.750827140702651	0.210590413657213	0.0289071440714918	-0.0289071440714918	0.0289071440714918
0.093079757583743	0.127191181208595	0.0153257981271275	-0.0153257981271275	-0.0153257981271275
0.225715666613489	0.111496770378048	-0.00665917434451762	0.00665917434451762	0.00665917434451762
0.380584834259551	0.675568307198993	-0.0122769620200087	0.0122769620200087	0.0122769620200087
0.673692199483945	0.122092611567347	0.0157072959378054	-0.0157072959378054	0.0157072959378054
0.768145975888838	0.672476356157912	0.0110134727343036	-0.0110134727343036	0.0110134727343036
0.974391205385913	0.895453244590998	0.0144378337439697	0.0144378337439697	0.0144378337439697
0.642103340532184	0.266824033980562	0.0174969375387335	0.0174969375387335	0.0174969375387335
0.0426811531525634	0.0129959757456478	0.281260819894286	0.281260819894286	-0.281260819894286
0.0848912539832415	0.0221965955253856	0.240495609606439	-0.240495609606439	-0.240495609606439
0.474594415058387	0.663654974725597	-0.0242958090541008	0.0242958090541008	-0.0242958090541008
0.353045580907596	0.816502573790606	0.0399267170076743	-0.0399267170076743	-0.0399267170076743
0.987198200233292	0.344046006184758	0.0208453696079383	0.0208453696079383	-0.0208453696079383
0.373042198730842	0.0919891371142927	0.0377461613442915	0.0377461613442915	0.0377461613442915
0.70647447321627	0.27163077719756	-0.0161628270297634	-0.0161628270297634	-0.0161628270297634
0.25504390794199	0.156027639123847	-0.00241081015785008	-0.00241081015785008	0.00241081015785008
0.382249289988768	0.548820151382113	-0.0202623593578939	0.0202623593578939	0.0202623593578939
0.148811000384668	0.49260145805898	0.00520539981338119	-0.00520539981338119	0.00520539981338119
0.449490399037503	0.729479836987393	-0.00147892337252723	0.00147892337252723	0.00147892337252723
0.967046388740141	0.972706951479438	0.163004184346554	0.163004184346554	-0.163004184346554
0.159136631387966	0.388365333652917	-0.0624762165311461	-0.0624762165311461	0.0624762165311461
0.367196623690336	0.102737362831733	-0.0203580936213272	0.0203580936213272	-0.0203580936213272
0.475118323853769	0.0871459638764554	0.0206470081401254	-0.0206470081401254	-0.0206470081401254
0.710172604765094	0.687922103336742	-0.0243475671287816	0.0243475671287816	-0.0243475671287816
0.640486995534789	0.968682238153785	0.054793670235047	-0.054793670235047	-0.054793670235047
0.575571502306008	0.0736065217164414	0.0530423072669708	0.0530423072669708	0.0530423072669708
0.930430622214239	0.792583537473	0.0391668963297612	0.0391668963297612	0.0391668963297612
0.362549782427023	0.191230809690917	-0.0181488822576992	-0.0181488822576992	0.0181488822576992
0.0228134563263956	0.231732233048758	0.046824432538185	-0.046824432538185	-0.046824432538185
0.142577378960119	0.264702505518423	0.03718465796856	-0.03718465796856	-0.03718465796856
0.259459572879051	0.556792907202453	0.0279693687542621	-0.0279693687542621	-0.0279693687542621
0.843876645879901	0.575567506596186	-0.00352294279506311	0.00352294279506311	-0.00352294279506311
0.950218016542847	0.985804124877844	0.396321355502646	0.396321355502646	0.396321355502646
0.0339712716665994	0.113900760116312	-0.0714498588430606	0.0714498588430606	-0.0714498588430606
0.299220318649392	0.450311795176575	0.0290776467220832	-0.0290776467220832	-0.0290776467220832
0.0834088168775937	0.42384464452267	0.000246167836564605	-0.000246167836564605	-0.000246167836564605
0.0383403811188682	0.03634826849958	-0.173101518467556	0.173101518467556	0.173101518467556
0.724701680458594	0.158318455177244	-0.0248498522641116	0.0248498522641116	-0.0248498522641116
0.13224975940951	0.461285167269982	0.0249120428292002	-0.0249120428292002	0.0249120428292002
0.0116654374071359	0.153544038601803	0.0512088753899527	-0.0512088753899527	0.0512088753899527
0.167299154743282	0.269005581815307	-0.0244753465172945	-0.0244753465172945	0.0244753465172945
0.226306567641831	0.29433853344894	-0.00371427784984745	-0.00371427784984745	0.00371427784984745
0.93285976129125	0.681220242060855	-0.0211615600100832	0.0211615600100832	-0.0211615600100832
0.0534850568746444	0.49467197795907	0.00344073508668207	-0.00344073508668207	-0.00344073508668207
0.0245592283231364	0.640049716723643	-0.00547869423490662	0.00547869423490662	-0.00547869423490662
0.125005625882943	0.813506681740241	-0.0206339609045005	0.0206339609045005	0.0206339609045005
0.790322385391109	0.988311138604679	-0.0705659642411226	-0.0705659642411226	0.0705659642411226
0.0167674932025681	0.070044677770189	-0.0916351384691777	0.0916351384691777	-0.0916351384691777
0.797712156836376	0.538498009670463	0.00559258336123504	0.00559258336123504	0.00559258336123504
0.34886045981199	0.0515606301027909	0.0403211169099511	-0.0403211169099511	0.0403211169099511
0.895501888884328	0.611514670272833	0.0161753152670152	-0.0161753152670152	-0.0161753152670152
0.0168402832844965	0.222317955018562	0.121801109720492	0.121801109720492	-0.121801109720492
0.745001815124424	0.810122987346078	0.00389532137026451	-0.00389532137026451	-0.00389532137026451
0.219717816316175	0.980982576592995	-0.0558842328969774	0.0558842328969774	0.0558842328969774
0.054887716692881	0.0465426744630252	0.107473365355877	-0.107473365355877	-0.107473365355877
0.0676314853290558	0.0245898117848371	0.308682585180591	0.308682585180591	0.308682585180591
0.0247959091713959	0.477468436655686	-0.00209278721821541	0.00209278721821541	-0.00209278721821541
0.587723258591466	0.804244270822538	-0.0260888956840741	0.0260888956840741	-0.0260888956840741
0.94746212714638	0.596845020804744	0.023754463102259	0.023754463102259	0.023754463102259
0.155999317813737	0.0775986689676809	0.0162324733160121	-0.0162324733160121	-0.0162324733160121
0.740946691412234	0.319320728604041	-0.00249873611374457	0.00249873611374457	-0.00249873611374457
0.898239568460681	0.974177386408714	0.146081543783563	-0.146081543783563	-0.146081543783563
0.116050168237575	0.0214649253788332	0.0882449508951222	0.0882449508951222	-0.0882449508951222
0.226408994812961	0.0611212066739901	0.115440503177541	0.115440503177541	0.115440503177541
0.164275020678546	0.0185205543343567	0.116997223358312	-0.116997223358312	-0.116997223358312
0.129398664823798	0.461480825186577	-0.0587638171010313	-0.0587638171010313	0.0587638171010313
0.0457712748037254	0.0204915642077645	0.142969633681285	-0.142969633681285	-0.142969633681285
0.827348475395939	0.972039614851951	-0.073593274992676	-0.073593274992676	-0.073593274992676
0.0140975188156003	0.0345064049491955	-0.640335955654403	0.640335955654403	-0.640335955654403
0.887510564055666	0.761985166490122	0.0321668976216396	-0.0321668976216396	-0.0321668976216396
0.303960941177697	0.62712113812207	-0.0327529630921011	0.0327529630921011	-0.0327529630921011
0.924715209639052	0.952378695938788	0.0777476389398162	-0.0777476389398162	-0.0777476389398162
0.246078921891765	0.830274554459099	0.00362159280929903	-0.00362159280929903	-0.00362159280929903
0.722222905997263	0.286956654024776	-0.0365838001263431	-0.0365838001263431	0.0365838001263431
0.813477953512954	0.271259324907195	0.0179576359708934	0.0179576359708934	0.0179576359708934
0.0967421074143296	0.290115533417463	0.0186268481325612	0.0186268481325612	-0.0186268481325612
0.84047347046484	0.757697399902032	0.0235905557405238	-0.0235905557405238	-0.0235905557405238
0.0472442392679183	0.447736270356249	0.0852124876741722	0.0852124876741722	-0.0852124876741722
0.0525348245200583	0.0536867351938972	-0.242831293127178	0.242831293127178	0.242831293127178
0.43072615032856	0.493968602146568	-0.0213481862553636	-0.0213481862553636	0.0213481862553636
0.49843280885081	0.221008863708915	-0.0206000083386348	0.0206000083386348	0.0206000083386348
0.0184662741473192	0.0665238419640083	-0.0735719724321199	0.0735719724321199	-0.0735719724321199
0.193424024021393	0.197740069109744	0.0116447486971708	0.0116447486971708	0.0116447486971708
0.896913224941116	0.774908064963593	0.0300006407951567	0.0300006407951567	-0.0300006407951567
0.0113302905021375	0.32320705648702	-0.0436958334621107	0.0436958334621107	0.0436958334621107
0.931545610493866	0.887685713036496	0.0446475288736414	0.0446475288736414	0.0446475288736414
0.349287710128298	0.523252341702517	-0.0155783275646053	0.0155783275646053	-0.0155783275646053
0.0904746343954484	0.0176793750213527	-0.262951850494374	-0.262951850494374	-0.262951850494374
0.261010399291164	0.947212778497751	0.0196458632040667	-0.0196458632040667	-0.0196458632040667
0.494640850703089	0.153055894323066	0.0766330180595989	-0.0766330180595989	0.0766330180595989
0.0454541104575318	0.0143785121129891	-0.148882845107332	0.148882845107332	0.148882845107332
0.971980182891802	0.863042246567072	-0.237672946617866	-0.237672946617866	0.237672946617866
0.939946210265306	0.984081269344395	0.0618016587259754	-0.0618016587259754	-0.0618016587259754
0.412939266252666	0.175766441351237	0.0210170120490849	-0.0210170120490849	0.0210170120490849
0.952561209526263	0.410601150566516	0.00507889832274288	0.00507889832274288	0.00507889832274288
0.490439425602846	0.0186034947298084	0.00656284481246878	-0.00656284481246878	-0.00656284481246878
0.654884051001619	0.505979907355905	0.000911465678476447	0.000911465678476447	-0.000911465678476447
0.227445163196011	0.247560126435066	0.0242908074691343	0.0242908074691343	-0.0242908074691343
0.1716356443607	0.274962738025587	-0.019393120438267	0.019393120438267	0.019393120438267
0.970440805635778	0.45909638478693	0.0284478867605736	0.0284478867605736	-0.0284478867605736
0.392681861073602	0.491235004328641	0.0490380566805921	0.0490380566805921	-0.0490380566805921
0.343392121235464	0.380173544811759	0.0164978007835913	0.0164978007835913	0.0164978007835913
0.0261624632921464	0.159981543587763	-0.0837517869030435	0.0837517869030435	-0.0837517869030435
0.737077927229861	0.966201010087066	-0.00490859613127256	-0.00490859613127256	0.00490859613127256
0.941443186497063	0.107324887791604	-0.0395457478693136	-0.0395457478693136	0.0395457478693136
0.469989780438438	0.610428254313848	0.0398284542719806	0.0398284542719806	0.0398284542719806
0.233565948730728	0.237282143848916	-0.0302729256062274	0.0302729256062274	-0.0302729256062274
0.357492672564065	0.628108143331748	0.0270890251076316	0.0270890251076316	0.0270890251076316
0.967700329214659	0.798042171960927	0.00608245160151803	0.00608245160151803	0.00608245160151803
0.349307347081451	0.467644971167711	-0.0340922591416773	0.0340922591416773	-0.0340922591416773
0.225502102110188	0.347386109916943	0.0645179365281238	0.0645179365281238	0.0645179365281238
0.721221956411307	0.971883376817818	-0.135710961633134	0.135710961633134	0.135710961633134
0.545369785413824	0.203650547417087	0.0278636473382646	0.0278636473382646	-0.0278636473382646
0.0382260924364243	0.179573239167028	-0.172590035418841	0.172590035418841	0.172590035418841
0.441205916060445	0.716773607911244	-0.0024747611438032	-0.0024747611438032	-0.0024747611438032
0.716826255571498	0.608870923470872	0.0250122832126975	0.0250122832126975	-0.0250122832126975
0.0676936982930288	0.119580614375376	0.0729476345546814	0.0729476345546814	-0.0729476345546814
0.114742091069229	0.17565077000797	0.00162702848788882	0.00162702848788882	-0.00162702848788882
0.863104894014258	0.882899206082656	0.00118738716069839	0.00118738716069839	-0.00118738716069839
0.598102448850771	0.920490212644239	0.00244548918637352	0.00244548918637352	0.00244548918637352
0.907223987234662	0.972920607140716	-0.198043726809051	-0.198043726809051	-0.198043726809051
0.648762135035002	0.404939209982614	0.060337764819858	0.060337764819858	-0.060337764819858
0.206200424763815	0.256911806398843	0.0112582808554877	0.0112582808554877	-0.0112582808554877
0.262931975863868	0.964267722478736	0.0302036157782251	0.0302036157782251	-0.0302036157782251
0.467936617687413	0.347531374942976	-0.00803558322567551	0.00803558322567551	0.00803558322567551
0.637672989464329	0.849939023582272	0.0267103799873237	0.0267103799873237	-0.0267103799873237
0.802705575921774	0.656292737869933	-0.0267154770563919	0.0267154770563919	-0.0267154770563919
0.819868597583435	0.707545710196692	0.0491607344129493	0.0491607344129493	-0.0491607344129493
0.980686870844578	0.928304387150658	-0.0638060886045344	-0.0638060886045344	-0.0638060886045344
0.745769131474815	0.831050679878112	0.0164021446566843	-0.0164021446566843	0.0164021446566843
0.0124888856742753	0.0174668368691339	0.212017445338455	-0.212017445338455	-0.212017445338455
0.0215523611016157	0.0104369897032476	0.446581323185794	0.446581323185794	-0.446581323185794
0.0627815912580432	0.166654549043018	0.0403868147499145	-0.0403868147499145	-0.0403868147499145
0.338683253571003	0.9767847341601	-0.0372477130361037	-0.0372477130361037	0.0372477130361037
0.890089444409565	0.370931171251841	0.0490009428714457	0.0490009428714457	0.0490009428714457
0.465583584948194	0.877725316088224	-0.00465260971846498	-0.00465260971846498	0.00465260971846498
0.475413647485157	0.459673555831501	-0.0173734699689274	0.0173734699689274	-0.0173734699689274
0.0689309007616954	0.508838349235526	-0.0740351679865295	0.0740351679865295	0.0740351679865295
0.983344067246382	0.736345881046114	0.0829054586078405	0.0829054586078405	0.0829054586078405
0.981043094016555	0.759633791188975	-0.0999226130467104	0.0999226130467104	-0.0999226130467104
0.292464790805886	0.626276228958826	0.00219566693185009	-0.00219566693185009	0.00219566693185009
0.545653590778595	0.73996496276524	-0.0157791349728542	-0.0157791349728542	-0.0157791349728542
0.746886106264824	0.876731348763963	-0.0147605214684117	-0.0147605214684117	-0.0147605214684117
0.214664793791353	0.645342383972265	-0.0177304092926735	-0.0177304092926735	-0.0177304092926735
0.964511476185694	0.795592993441098	0.183635607280274	-0.183635607280274	-0.183635607280274
0.3258076248254	0.435909856164924	0.0394728445603349	0.0394728445603349	-0.0394728445603349
0.454083731182974	0.0463455319779879	0.0367920267571639	-0.0367920267571639	-0.0367920267571639
0.36042112082059	0.0526025015498744	-0.0604801317073409	-0.0604801317073409	0.0604801317073409
0.468730659441263	0.632525315281046	0.00368159786278039	-0.00368159786278039	-0.00368159786278039
0.0490785242142124	0.254591614549427	-0.008249376123804	-0.008249376123804	-0.008249376123804
0.825407683878039	0.983041816135299	-0.00709002432502768	-0.00709002432502768	-0.00709002432502768
0.916261690676141	0.935833518638289	-0.0293391282412683	0.0293391282412683	-0.0293391282412683
0.147515582867773	0.370363680088099	-0.0512759022427373	0.0512759022427373	0.0512759022427373
0.092942529820438	0.04209730164437	-0.0949770898984241	-0.0949770898984241	-0.0949770898984241
0.0291208922024372	0.0545161575385334	0.0309127601722727	0.0309127601722727	-0.0309127601722727
0.925460783641119	0.559849982643212	-0.0600890618590736	-0.0600890618590736	0.0600890618590736
0.300716527103459	0.20385156658866	0.0297692791361763	-0.0297692791361763	-0.0297692791361763
0.871777936308731	0.649248392668735	0.00165435043749694	-0.00165435043749694	0.00165435043749694
0.820054311425033	0.976835857462971	-0.0415407310424422	0.0415407310424422	0.0415407310424422
0.787917261038802	0.325412294455658	-0.0249833936332153	-0.0249833936332153	0.0249833936332153
0.892511925203198	0.728654149124839	0.0584887323298614	0.0584887323298614	-0.0584887323298614
0.97949041219913	0.978277629123431	0.0967837871584902	-0.0967837871584902	0.0967837871584902
0.142897013431415	0.771021124034444	-0.0333718806379201	0.0333718806379201	0.0333718806379201
0.352659869311393	0.180761482219012	-0.0143472959327468	-0.0143472959327468	-0.0143472959327468
0.461252535383571	0.0135710582957572	-0.00932718213148518	-0.00932718213148518	0.00932718213148518
0.655848802876314	0.940166656703552	-0.0365888310860408	0.0365888310860408	0.0365888310860408
0.871683404667096	0.986232602622369	-0.148498497404098	-0.148498497404098	-0.148498497404098
0.0576861504505233	0.149927511987507	0.0654941380538746	-0.0654941380538746	0.0654941380538746
0.374208051274153	0.0702936962770764	-0.0990729953627064	-0.0990729953627064	0.0990729953627064
0.0106181924323822	0.482273445021149	-0.00728164970114432	0.00728164970114432	0.00728164970114432
0.81260156088245	0.706487014368965	-0.0115396589256311	-0.0115396589256311	-0.0115396589256311
0.347413045271107	0.966175631849265	0.0670488655677679	-0.0670488655677679	0.0670488655677679
0.0507789149227573	0.246729288993627	0.00583672933227439	-0.00583672933227439	-0.00583672933227439
0.854046441885355	0.697896129985634	0.0603472028741079	-0.0603472028741079	-0.0603472028741079
0.0542515727480837	0.127045244767841	0.0169188930156261	0.0169188930156261	0.0169188930156261
0.334613903538269	0.667979336268884	-0.0210809070632925	-0.0210809070632925	-0.0210809070632925
0.391845092812258	0.777139468081672	-0.0373625875675567	-0.0373625875675567	0.0373625875675567
0.203383657369114	0.0676029159885748	-0.00390843195828679	-0.00390843195828679	-0.00390843195828679
0.881549382303132	0.387940611717647	0.0156480659761834	0.0156480659761834	0.0156480659761834
0.0643686132674896	0.0701793362346988	0.0178355928160866	0.0178355928160866	-0.0178355928160866
0.425303003998675	0.0829607254547243	0.0341791655774986	-0.0341791655774986	-0.0341791655774986
0.443790521466204	0.27918516284363	-0.0211630806799488	0.0211630806799488	0.0211630806799488
0.0880184304839036	0.156868917611514	-0.124939626947125	0.124939626947125	-0.124939626947125
0.667582940983108	0.477868183326125	-0.0170923957173165	0.0170923957173165	0.0170923957173165
0.337204807545241	0.133535542402916	0.0552726491773022	0.0552726491773022	-0.0552726491773022
0.882805801556115	0.968710261574886	-0.0413703446718873	0.0413703446718873	0.0413703446718873
0.0591124612700123	0.235015335726655	-0.0237307808873948	0.0237307808873948	0.0237307808873948
0.699094719648661	0.699859947427269	0.0182433405400676	-0.0182433405400676	0.0182433405400676
0.697903880986638	0.738417720556112	0.00756188583343223	-0.00756188583343223	-0.00756188583343223
0.354444501022081	0.230642681905382	-0.050887591074349	-0.050887591074349	-0.050887591074349
0.965852274439521	0.921143884882337	0.0844918180504748	-0.0844918180504748	-0.0844918180504748
0.837496308137622	0.823771318486851	-0.0570986274280408	-0.0570986274280408	0.0570986274280408
0.927475985766181	0.896431887532208	-0.114059720588799	0.114059720588799	0.114059720588799
0.815640678267003	0.18356497517194	0.0452160925733291	-0.0452160925733291	0.0452160925733291
0.642883388947738	0.880573849978426	-0.0355231332055302	0.0355231332055302	-0.0355231332055302
0.797471303758912	0.879974013285196	-0.0928557562378038	-0.0928557562378038	-0.0928557562378038
0.210765643051386	0.0452047376922956	-0.105378527908189	-0.105378527908189	0.105378527908189
0.0137039551176861	0.743874885287955	0.026439823348816	0.026439823348816	-0.026439823348816
0.376106128049479	0.0824211717705622	0.0174864509429379	-0.0174864509429379	0.0174864509429379
0.617923574067739	0.0942018332305199	0.0261481652218237	-0.0261481652218237	-0.0261481652218237
0.298745897595958	0.0188463280149569	-0.0181661456276589	0.0181661456276589	-0.0181661456276589
0.0722169980944917	0.0335264732382419	-0.163936535448733	-0.163936535448733	-0.163936535448733
0.0201389415757484	0.138861559555169	-0.0884063345811544	-0.0884063345811544	-0.0884063345811544
0.708755339473814	0.671975874639675	-0.0233097763606703	-0.0233097763606703	0.0233097763606703
0.311102987069275	0.285057760275217	-0.00931130188072042	-0.00931130188072042	0.00931130188072042
0.348262991654102	0.864778458581087	-0.00239235741866703	-0.00239235741866703	0.00239235741866703
0.911830056898451	0.38928285017664	-0.0502178808322514	-0.0502178808322514	0.0502178808322514
0.881544568670553	0.974677015616739	0.0580690061818588	-0.0580690061818588	-0.0580690061818588
0.19211267150654	0.496032499738666	-0.0646406560255345	-0.0646406560255345	0.0646406560255345
0.287435305524389	0.227292933656893	0.0280163874641972	-0.0280163874641972	0.0280163874641972
0.137076010546109	0.188685741667668	-0.0446295851106567	-0.0446295851106567	-0.0446295851106567
0.14642874197065	0.26622017878488	-0.0334101172730357	-0.0334101172730357	-0.0334101172730357
0.258450675141915	0.234593707620511	0.0517898332134496	-0.0517898332134496	0.0517898332134496
0.925401003361033	0.504902515789465	-0.0177384954096093	-0.0177384954096093	-0.0177384954096093
0.988773287718567	0.926789002796133	-0.414189056924665	-0.414189056924665	-0.414189056924665
0.757817570975514	0.777004967374577	0.00981164007262397	0.00981164007262397	-0.00981164007262397
0.221608207653847	0.149759642479429	0.0698519029570397	-0.0698519029570397	-0.0698519029570397
0.230839333364259	0.241294037128795	0.0164198835621674	-0.0164198835621674	-0.0164198835621674
0.668013941088989	0.595122702041547	0.00249721933032449	0.00249721933032449	0.00249721933032449
0.852213922539801	0.667662556785861	0.0164059110483974	-0.0164059110483974	-0.0164059110483974
0.10997581109015	0.428091260033555	-0.014371472186755	0.014371472186755	0.014371472186755
0.604694842556221	0.710386061902855	0.0611436782415186	-0.0611436782415186	-0.0611436782415186
0.777582666935206	0.485421445939614	-0.0085773899565356	0.0085773899565356	-0.0085773899565356
0.341802062580387	0.929759670049919	-0.0163716406121988	-0.0163716406121988	-0.0163716406121988
0.651157527424311	0.693208333571125	-0.00365900121069393	0.00365900121069393	0.00365900121069393
0.701470811119899	0.971831782643986	0.0110949518659917	0.0110949518659917	0.0110949518659917
0.766436060736353	0.988394142595078	-0.0702060390980813	-0.0702060390980813	0.0702060390980813
0.268903212269881	0.230609515152292	0.0235469574279516	-0.0235469574279516	-0.0235469574279516
0.883097579363387	0.26572130865021	0.00998327502935202	-0.00998327502935202	0.00998327502935202
0.281521991701481	0.859220197784849	0.0207980739776374	0.0207980739776374	0.0207980739776374
0.970888238081034	0.568899395286464	0.000810676751750018	0.000810676751750018	-0.000810676751750018
0.547407922306664	0.918583596113589	0.0218381068357383	0.0218381068357383	-0.0218381068357383
0.88808747649384	0.89334659875038	0.0419542811819886	-0.0419542811819886	-0.0419542811819886
0.0111809859267615	0.127773550192764	-0.0535916858202668	0.0535916858202668	-0.0535916858202668
0.922990826628293	0.78299010543567	-0.0104815042883243	0.0104815042883243	-0.0104815042883243
0.0167572327617551	0.0344664532338055	-0.201491492209735	0.201491492209735	0.201491492209735
0.155464625694713	0.585383762760216	-0.0918073588807316	0.0918073588807316	-0.0918073588807316
0.92721725822154	0.832442848865415	-0.0106743225751838	0.0106743225751838	0.0106743225751838
0.832291302681401	0.597475020180436	0.00658632129427842	-0.00658632129427842	0.00658632129427842
0.026319746824546	0.205057715466382	0.056162005572108	0.056162005572108	-0.056162005572108
0.221727460776433	0.27388679227648	-0.0271771654720889	-0.0271771654720889	0.0271771654720889
0.106011273897896	0.234342692194855	0.0800943039194102	-0.0800943039194102	-0.0800943039194102
0.528921115293363	0.393759607041027	-0.0616007624977493	-0.0616007624977493	0.0616007624977493
0.966462952220442	0.699617460482322	-0.0543371397924424	-0.0543371397924424	0.0543371397924424
0.0228664744651451	0.0102836219463618	-0.690310342359787	0.690310342359787	-0.690310342359787
0.0110881072972483	0.0738018871060986	0.0252954602251937	-0.0252954602251937	-0.0252954602251937
0.756318169484119	0.519470798676988	0.0463243371940107	0.0463243371940107	-0.0463243371940107
0.130747670604459	0.0917128245803165	-0.0850152261694688	-0.0850152261694688	0.0850152261694688
0.651976726774721	0.7267385651663	-0.0313113853728225	-0.0313113853728225	0.0313113853728225
0.822823002225912	0.906488902181271	0.0357437578002896	-0.0357437578002896	-0.0357437578002896
0.431409813873454	0.782691218486461	0.0302019530281548	-0.0302019530281548	-0.0302019530281548
0.412562691875954	0.405035820224848	0.033278526027223	-0.033278526027223	-0.033278526027223
0.128358812373877	0.705327611837729	0.0287379145618226	-0.0287379145618226	-0.0287379145618226
0.967739319408246	0.758100540252245	0.0442410820420201	-0.0442410820420201	-0.0442410820420201
0.647655517094744	0.270367231534241	0.00497320694989575	-0.00497320694989575	-0.00497320694989575
0.371523341678494	0.666370122642415	-0.0397043206192888	0.0397043206192888	-0.0397043206192888
0.210802948277212	0.655594029463227	0.0105885869814851	0.0105885869814851	0.0105885869814851
0.450642001325588	0.792610429851795	-0.0301896457922718	0.0301896457922718	0.0301896457922718
0.224572886420149	0.222644159663239	-0.0157202312545009	0.0157202312545009	0.0157202312545009
0.57031561045261	0.603933677946366	0.0100316797591165	-0.0100316797591165	0.0100316797591165
0.322069614609531	0.22614608582726	0.00903572707661545	-0.00903572707661545	0.00903572707661545
0.676783010287182	0.581130667820331	0.0185344354776698	-0.0185344354776698	0.0185344354776698
0.270194908459351	0.619907749286174	0.043800987190981	0.043800987190981	0.043800987190981
0.11032019302691	0.76693996358	-0.0529920970001041	-0.0529920970001041	-0.0529920970001041
0.558188280993393	0.904508516736631	-0.0205561257294721	-0.0205561257294721	-0.0205561257294721
0.872445511189459	0.953528248132741	-0.0582551896957405	-0.0582551896957405	0.0582551896957405
0.510844448787333	0.868664302727962	-0.0231943934902366	-0.0231943934902366	0.0231943934902366
0.930216932641666	0.917720928774468	0.166519594155971	-0.166519594155971	-0.166519594155971
0.86141393596014	0.967146502853482	-0.0542283400728627	-0.0542283400728627	0.0542283400728627
0.576269711643984	0.514907005531419	-0.0214665288604771	0.0214665288604771	0.0214665288604771
0.312071377958346	0.156287506928891	-0.0717457519300566	0.0717457519300566	-0.0717457519300566
0.0193098870587192	0.112976710807302	0.075853462728272	-0.075853462728272	-0.075853462728272
0.926118592682735	0.449551649600424	0.0131245638101103	0.0131245638101103	0.0131245638101103
0.0107500180459653	0.0170670065071531	0.0161369387226135	-0.0161369387226135	0.0161369387226135
0.968090756504287	0.65252487993316	-0.0135166954146204	0.0135166954146204	0.0135166954146204
0.986040805407771	0.9574398917173	-0.0809341191421786	0.0809341191421786	0.0809341191421786
0.546648294315708	0.108612609558588	-0.03873693905778	-0.03873693905778	0.03873693905778
0.021414531262989	0.3082568140033	-0.0963541018457675	0.0963541018457675	0.0963541018457675
0.781866644034399	0.222301942880701	0.0298878800068649	0.0298878800068649	0.0298878800068649
0.303739908527541	0.489795433721437	0.0178856534872336	0.0178856534872336	0.0178856534872336
0.0526113168328919	0.548222626755538	-0.0364852773988825	-0.0364852773988825	0.0364852773988825
0.299964683150709	0.0762308841831101	-0.00730847442924511	0.00730847442924511	-0.00730847442924511
0.731939823476733	0.727785799876068	0.0327532020445789	-0.0327532020445789	0.0327532020445789
0.984218496747413	0.459737767363044	-0.0661778464720674	0.0661778464720674	0.0661778464720674
0.037772410527966	0.0129095495380463	-0.488169737760563	0.488169737760563	-0.488169737760563
0.178792017017866	0.484007868330967	0.00617837939871954	-0.00617837939871954	0.00617837939871954
0.0391387697070099	0.200433785281193	-0.135252152201218	-0.135252152201218	0.135252152201218
0.67629339635237	0.902992485362853	0.00164183414347924	0.00164183414347924	0.00164183414347924
0.234225326510003	0.478690370751937	-0.00785140881654913	0.00785140881654913	-0.00785140881654913
0.769861324331913	0.590546744986741	-0.0516546361768196	-0.0516546361768196	-0.0516546361768196
0.523095938917783	0.64371317276303	0.0161366530327491	-0.0161366530327491	-0.0161366530327491
0.755088253993681	0.0928386094832439	-0.0351929385141391	0.0351929385141391	-0.0351929385141391
0.984812966669994	0.948230447484706	0.106927246865336	-0.106927246865336	-0.106927246865336
0.208668960233615	0.0220499923892404	0.0393459656497316	-0.0393459656497316	-0.0393459656497316
0.980285352640929	0.983752344596284	0.133136372365006	0.133136372365006	-0.133136372365006
0.175517318822299	0.82279595004101	-0.0140885668735444	0.0140885668735444	0.0140885668735444
0.58021761146314	0.538163466958125	0.0208610346122721	0.0208610346122721	-0.0208610346122721
0.968226518150452	0.399355006468047	-0.053190837718192	0.053190837718192	0.053190837718192
0.344679663123724	0.104464896369006	0.035492239903808	0.035492239903808	-0.035492239903808
0.461670027087231	0.175924083218531	0.0010272135053196	0.0010272135053196	-0.0010272135053196
0.856013226290974	0.905139990782438	0.0568475566825114	-0.0568475566825114	-0.0568475566825114
0.808007386179019	0.533106904559237	0.00671881478353075	0.00671881478353075	-0.00671881478353075
0.275491573703145	0.876738890705798	-0.0271434761048628	0.0271434761048628	-0.0271434761048628
0.676238326933063	0.748906783786245	0.0243321398550646	-0.0243321398550646	0.0243321398550646
0.0476995953249879	0.256513812968976	-0.103548523358255	-0.103548523358255	0.103548523358255
0.0126301705474719	0.176367668752165	-0.107059572931693	0.107059572931693	0.107059572931693
0.913222640608952	0.94238226932039	0.00858159686185517	-0.00858159686185517	-0.00858159686185517
0.942445685064676	0.581072380561588	0.0525170304320151	-0.0525170304320151	-0.0525170304320151
0.650550827818558	0.8983057247544	-0.111060118743052	-0.111060118743052	-0.111060118743052
0.293505415370444	0.325749596861218	-0.0731571673037933	-0.0731571673037933	-0.0731571673037933
0.487922623651944	0.0609677953418992	-0.0330473147686999	0.0330473147686999	-0.0330473147686999
0.650490198074514	0.213748612762869	0.0224778132745984	-0.0224778132745984	-0.0224778132745984
0.349384819603177	0.630469415855046	0.0754316675963151	0.0754316675963151	-0.0754316675963151
0.316486393838506	0.335445389804952	-0.0258775021135442	-0.0258775021135442	-0.0258775021135442
0.29666839344149	0.723466398053566	-0.00437351370164639	-0.00437351370164639	-0.00437351370164639
0.96767644759471	0.906753912103196	-0.137406694890106	0.137406694890106	-0.137406694890106
0.340229881040511	0.132617660772314	0.00911620683498709	0.00911620683498709	-0.00911620683498709
0.130672238414815	0.170622801632993	-0.0229476487252088	0.0229476487252088	-0.0229476487252088
0.986643494495437	0.958212410381813	0.170928285398096	-0.170928285398096	0.170928285398096
0.212185040121396	0.0857040817032963	0.018748452022894	-0.018748452022894	-0.018748452022894
0.548545949671851	0.746928572494835	0.0438199252118256	0.0438199252118256	-0.0438199252118256
0.718660249589342	0.607828120148093	-0.00781887347270648	-0.00781887347270648	-0.00781887347270648
0.124254653973984	0.0792195492463616	0.0706290242810955	0.0706290242810955	-0.0706290242810955
0.742045826481694	0.720402022852156	-0.0755259290923569	-0.0755259290923569	-0.0755259290923569
0.816880618895424	0.967077297676663	0.131110721198521	-0.131110721198521	-0.131110721198521
0.0415392419427524	0.140194577042176	0.0646221320301607	-0.0646221320301607	-0.0646221320301607
0.980269577548945	0.722380110802454	0.023791968177938	0.023791968177938	-0.023791968177938
0.983572822604786	0.783939317311112	0.023775862830811	0.023775862830811	0.023775862830811
0.0607362870900799	0.0742599319616727	0.00162287635334318	-0.00162287635334318	0.00162287635334318
0.982001077927734	0.581583821093182	-0.0744446617637338	0.0744446617637338	0.0744446617637338
0.64247223603146	0.963275156648889	-0.0178822150479731	0.0178822150479731	-0.0178822150479731
0.887884894251403	0.913376767722287	-0.0266742650864157	0.0266742650864157	0.0266742650864157
0.877466778001688	0.862719774538451	-0.0505142632275499	0.0505142632275499	0.0505142632275499
0.606794660450249	0.775830846088398	-0.0358334758125997	0.0358334758125997	0.0358334758125997
0.0433801330646819	0.0110190532126355	-0.380296828356838	0.380296828356838	0.380296828356838
0.582592653987124	0.663627983043223	0.01902577671084	0.01902577671084	0.01902577671084
0.969895224154145	0.93318313970326	0.182325268487634	0.182325268487634	-0.182325268487634
0.986378223323153	0.943026332618853	-0.19845112167166	0.19845112167166	-0.19845112167166
0.863197426246263	0.842120301337316	-0.0485926516901424	-0.0485926516901424	-0.0485926516901424
0.265266048147325	0.183671928562799	-0.0816264289998019	0.0816264289998019	-0.0816264289998019
0.500591113807461	0.251114342787526	0.0164235524975942	0.0164235524975942	0.0164235524975942
0.011431866122944	0.0590426393266441	-0.0913930339525556	0.0913930339525556	-0.0913930339525556
0.113029410547525	0.0796374116012854	-0.149435890981632	0.149435890981632	0.149435890981632
0.814509938064966	0.925305363538002	0.0928853771537461	0.0928853771537461	0.0928853771537461
0.332771874868782	0.859908137845428	0.0328406472692412	-0.0328406472692412	-0.0328406472692412
0.32557890606305	0.222178196212306	0.018327198511994	0.018327198511994	-0.018327198511994
0.892911181486869	0.114499660868028	0.0159072079653695	-0.0159072079653695	-0.0159072079653695
0.763791372388747	0.936230909034511	-0.0402581645821134	-0.0402581645821134	-0.0402581645821134
0.912082255756689	0.477785581351172	-0.0141940864241847	0.0141940864241847	0.0141940864241847
0.44533298373311	0.925232347918775	0.0870143194281295	0.0870143194281295	0.0870143194281295
0.577210105245068	0.793005689665649	0.00397322887183173	0.00397322887183173	-0.00397322887183173
0.914266013304497	0.811593074692661	-0.0848847013944922	0.0848847013944922	0.0848847013944922
0.269309743946075	0.190161235154799	-0.0265144059283925	-0.0265144059283925	0.0265144059283925
0.178417608722641	0.049859663159471	0.0872898667699704	0.0872898667699704	-0.0872898667699704
0.832039454750996	0.955798880404379	0.0283831956917128	-0.0283831956917128	-0.0283831956917128
0.907065997860828	0.423985529017328	0.0015288627361512	-0.0015288627361512	0.0015288627361512
0.702769140327975	0.100426248372048	-0.0511925216230577	-0.0511925216230577	0.0511925216230577
0.854642149832147	0.380554539993886	0.00626466169659268	0.00626466169659268	-0.00626466169659268
0.952994855594964	0.988468407834457	0.0317852677522588	-0.0317852677522588	-0.0317852677522588
0.0541712647581147	0.273282379399769	0.0645958116232115	-0.0645958116232115	-0.0645958116232115
0.776197638533117	0.95821345585166	0.0278031388263042	-0.0278031388263042	-0.0278031388263042
0.989733196509866	0.756696334531209	0.0457839041751623	0.0457839041751623	-0.0457839041751623
0.765603051432929	0.824463316320119	0.00455475174326846	0.00455475174326846	-0.00455475174326846
0.43882552854082	0.232331362249359	-0.023622985097088	-0.023622985097088	0.023622985097088
0.483282319069694	0.151137473984053	0.0363008799729133	-0.0363008799729133	-0.0363008799729133
0.111047754672027	0.041609757552751	0.0236300792471771	-0.0236300792471771	0.0236300792471771
0.915372780052506	0.515628926338434	-0.00543146448802512	-0.00543146448802512	-0.00543146448802512
0.249581719125186	0.868042375144638	0.00898518557180426	0.00898518557180426	-0.00898518557180426
0.220553945875113	0.0431752056502109	0.0230242966492455	0.0230242966492455	-0.0230242966492455
0.0428159844775984	0.642043650715437	-0.0422399741251455	-0.0422399741251455	0.0422399741251455
0.752720726960812	0.309207253234631	0.0194971382333498	0.0194971382333498	0.0194971382333498
0.810920989942648	0.483305298998623	-0.0471419534735168	-0.0471419534735168	-0.0471419534735168
0.142569452420351	0.0303183839884736	-0.138154832516833	0.138154832516833	-0.138154832516833
0.644399285338231	0.933153799464657	-0.0345889307723849	0.0345889307723849	-0.0345889307723849
0.925747955233396	0.835988820067596	0.0787433350879766	-0.0787433350879766	-0.0787433350879766
0.920016405536249	0.796556925873439	0.108116733171711	-0.108116733171711	-0.108116733171711
0.986386958418768	0.955698808903294	-0.190110346777138	-0.190110346777138	0.190110346777138
0.756542084528866	0.429199368640604	0.0482862575639988	0.0482862575639988	0.0482862575639988
0.956873520858741	0.986665976500194	-0.452995767413704	-0.452995767413704	0.452995767413704
0.181746521596141	0.318680878654536	0.00667266830977485	-0.00667266830977485	-0.00667266830977485
0.131980920526504	0.554160964829753	0.0701086141746177	-0.0701086141746177	0.0701086141746177
0.480527092750766	0.269737814124427	0.0490209115056073	0.0490209115056073	0.0490209115056073
0.148511781996008	0.0925297807168663	0.0559069989714547	-0.0559069989714547	0.0559069989714547
0.0286995527611418	0.0799170002266929	-0.0682706103562898	-0.0682706103562898	-0.0682706103562898
0.111761038548102	0.228349569551926	0.00955891789567101	-0.00955891789567101	0.00955891789567101
0.0964817967883624	0.0435573209865019	-0.00451252410201218	0.00451252410201218	-0.00451252410201218
0.0650108912875524	0.0588642071465874	-0.108312108978951	-0.108312108978951	-0.108312108978951
0.0684089555410785	0.187293707587418	-0.00133955563431175	-0.00133955563431175	0.00133955563431175
0.281779653084121	0.230121936958776	0.0581808873418856	-0.0581808873418856	-0.0581808873418856
0.830265509143807	0.441515077635281	-0.0104504641995027	-0.0104504641995027	-0.0104504641995027
0.824711093844429	0.122610443301801	0.0277202200563319	0.0277202200563319	-0.0277202200563319
0.539232312965994	0.174693193272272	-0.0411634340200081	0.0411634340200081	-0.0411634340200081
0.760932498205919	0.286553788697452	0.0112494587307703	0.0112494587307703	-0.0112494587307703
0.526143451573642	0.358618283371854	0.0465385168691792	0.0465385168691792	0.0465385168691792
0.89233255217269	0.982918459565792	-0.0807111408900264	-0.0807111408900264	-0.0807111408900264
0.103915486224052	0.182286386115176	-0.0481037344905203	-0.0481037344905203	-0.0481037344905203
0.481759615066587	0.146184549171332	-0.0234389064797197	-0.0234389064797197	-0.0234389064797197
0.387799899936403	0.0529367845457988	0.0552732191761924	0.0552732191761924	0.0552732191761924
0.284951387523936	0.366840779803164	-0.00741663226087457	-0.00741663226087457	0.00741663226087457
0.382202886159084	0.174491235741271	-0.0296306562527929	-0.0296306562527929	-0.0296306562527929
0.365095874576362	0.555474105276604	0.00481831389467736	-0.00481831389467736	-0.00481831389467736
0.658371576813755	0.633303145732524	-0.0288031635641535	0.0288031635641535	-0.0288031635641535
0.980617543389881	0.802800221470716	0.0167615840855681	-0.0167615840855681	-0.0167615840855681
0.785347464815091	0.248179586839353	-0.00467037776496003	-0.00467037776496003	-0.00467037776496003
0.685865950731512	0.502627631774957	0.0237511408836552	0.0237511408836552	0.0237511408836552
0.513170623425927	0.834032119433844	0.0124333686859665	0.0124333686859665	0.0124333686859665
0.174232400302988	0.210311384188395	-0.0882140212827604	0.0882140212827604	0.0882140212827604
0.0162413411609932	0.0100039573938932	1.05189443753102	-1.05189443753102	-1.05189443753102
0.500336614044292	0.245868227512135	0.0316676053779039	-0.0316676053779039	-0.0316676053779039
0.95558695087907	0.677152039183743	0.0255240902832295	0.0255240902832295	0.0255240902832295
0.762322180050581	0.416857699692356	0.0419989302123617	-0.0419989302123617	0.0419989302123617
0.183293244152106	0.131887460985438	0.00523348489590673	-0.00523348489590673	-0.00523348489590673
0.0849327506633056	0.195273913495411	0.0192245205958607	-0.0192245205958607	0.0192245205958607
0.973520016925948	0.988102702283495	-0.273631468017904	-0.273631468017904	-0.273631468017904
0.27531024547444	0.194900060487276	-0.0265553160421797	-0.0265553160421797	0.0265553160421797
0.165756709321476	0.0335247191903876	0.155369265466628	0.155369265466628	0.155369265466628
0.0953696272934048	0.516191936165981	0.00968951752565868	0.00968951752565868	0.00968951752565868
0.776369519631048	0.896895961953334	0.0351176298279537	0.0351176298279537	-0.0351176298279537
0.456025003948853	0.0601908462229907	0.016750386530094	-0.016750386530094	0.016750386530094
0.409578573248417	0.938408188536292	-0.0364688919598044	-0.0364688919598044	-0.0364688919598044
0.60630657370956	0.205607145457585	-0.0190275639920656	-0.0190275639920656	0.0190275639920656
0.356846027635094	0.342990218314904	-0.0663199866071929	-0.0663199866071929	0.0663199866071929
0.306918800037993	0.24552501826629	0.0563628870735727	-0.0563628870735727	0.0563628870735727
0.989834416544254	0.875861136478201	0.041506217577199	-0.041506217577199	0.041506217577199
0.25428505924854	0.0820288637257165	-0.0573384991520822	0.0573384991520822	-0.0573384991520822
0.97472138200988	0.862159827577941	0.0466833453809716	0.0466833453809716	0.0466833453809716
0.0162691516741697	0.311223367116892	0.00788571745487262	-0.00788571745487262	0.00788571745487262
0.607060225986336	0.658823944283045	-0.0169747893379221	-0.0169747893379221	0.0169747893379221
0.274698527160028	0.084398526901803	-0.0725260589827044	-0.0725260589827044	0.0725260589827044
0.0816950385967701	0.1404788540996	-0.0213795538208567	0.0213795538208567	0.0213795538208567
0.791214244750201	0.630274686277544	-0.0465671777302742	0.0465671777302742	0.0465671777302742
0.102834684105289	0.570156339846309	0.0864629556820961	-0.0864629556820961	-0.0864629556820961
0.0510632706042497	0.0314447798807939	0.0384789102350248	0.0384789102350248	-0.0384789102350248
0.0533988683342503	0.590016996038481	-0.0022738674728331	0.0022738674728331	-0.0022738674728331
0.955419189002382	0.702234183125353	0.000336281035894983	0.000336281035894983	0.000336281035894983
0.620103273594502	0.298292639462059	0.0143874888637406	0.0143874888637406	0.0143874888637406
0.185551302386993	0.62636577979792	-0.0354158658108084	-0.0354158658108084	-0.0354158658108084
0.796524363317133	0.768435773486475	-0.00315530000982342	0.00315530000982342	0.00315530000982342
0.514948496467186	0.223369118408623	-0.0113252883004321	-0.0113252883004321	0.0113252883004321
0.0953068364755255	0.0118931850042165	0.0580844637032033	0.0580844637032033	0.0580844637032033
0.326363000804888	0.432421823906532	0.0215841285497605	0.0215841285497605	0.0215841285497605
0.798972388900958	0.292892182427241	0.0173065557458516	-0.0173065557458516	-0.0173065557458516
0.0443420206421205	0.56695935296459	0.014170044724985	0.014170044724985	0.014170044724985
0.0242623434861037	0.379801763309358	-0.060098437585237	-0.060098437585237	-0.060098437585237
0.058590854071359	0.0316752396857861	-0.125650098881978	0.125650098881978	-0.125650098881978
0.297521150514628	0.716253730177916	0.000114959248367779	-0.000114959248367779	0.000114959248367779
0.033036686547552	0.0172690133081738	0.102618028434262	0.102618028434262	-0.102618028434262
0.315743148846469	0.225842443487636	0.0109659856723253	0.0109659856723253	-0.0109659856723253
0.0410484523406164	0.0312779826776307	0.0887683511230383	-0.0887683511230383	-0.0887683511230383
0.888178929508346	0.795618193903483	-0.0341650941724405	0.0341650941724405	-0.0341650941724405
0.930250623407081	0.529383874632292	-0.0550689015764748	-0.0550689015764748	-0.0550689015764748
0.973180344338117	0.695095508314526	-0.0266125789722964	-0.0266125789722964	-0.0266125789722964
0.756017043709056	0.535293713016308	0.00842621405679854	-0.00842621405679854	-0.00842621405679854
0.981424016521164	0.958268407697429	-0.057783479735778	-0.057783479735778	-0.057783479735778
0.961986707366804	0.630467820765044	0.00653062216251349	0.00653062216251349	0.00653062216251349
0.275018632254347	0.034328380831623	0.0168555659779061	-0.0168555659779061	0.0168555659779061
0.455504012201061	0.787382379942869	-0.0491815575268659	-0.0491815575268659	0.0491815575268659
0.466928610189876	0.776644854087217	-0.0313508472255324	-0.0313508472255324	0.0313508472255324
0.854194754343407	0.678380818792936	0.0406415716417293	0.0406415716417293	-0.0406415716417293
0.342220707189481	0.428305473950559	-0.0780013616215083	0.0780013616215083	0.0780013616215083
0.914698599279919	0.594410419478591	0.016568819714992	-0.016568819714992	0.016568819714992
0.0148336259169312	0.295457569041491	0.0123942810468363	-0.0123942810468363	0.0123942810468363
0.898268056358074	0.98229771950827	-0.00211549285567499	-0.00211549285567499	-0.00211549285567499
0.0759614432202318	0.108954959980026	-0.121674399319966	-0.121674399319966	-0.121674399319966
0.802160544722233	0.871149801540567	-0.062930389043271	-0.062930389043271	-0.062930389043271
0.195010341413894	0.0322368868935443	0.0802275897313943	-0.0802275897313943	-0.0802275897313943
0.690905895514187	0.698832825495496	-0.0594678728752826	0.0594678728752826	0.0594678728752826
0.499007001711996	0.0142142073274124	0.00901169357294686	0.00901169357294686	0.00901169357294686
0.892037058292992	0.380696095024529	-0.0565618505308176	-0.0565618505308176	-0.0565618505308176
0.855764763981996	0.955082282579202	0.0478857433546943	-0.0478857433546943	0.0478857433546943
0.921660993984378	0.380525648096152	0.0126949319298458	0.0126949319298458	-0.0126949319298458
0.764621296233632	0.444078266484642	-0.0588174025543758	-0.0588174025543758	-0.0588174025543758
0.387651763077065	0.150339846831642	-0.0188753638804924	-0.0188753638804924	-0.0188753638804924
0.817279843342807	0.811989200560668	0.0185405883693226	0.0185405883693226	-0.0185405883693226
0.0997764289768137	0.116768970047782	-0.0507735134157253	-0.0507735134157253	-0.0507735134157253
0.0523394884197396	0.646217227473555	-0.0377477448530818	0.0377477448530818	0.0377477448530818
0.654720216060698	0.671022923692869	0.0218922618504909	0.0218922618504909	0.0218922618504909
0.820076360044026	0.536090307577997	-0.0382068106766247	-0.0382068106766247	-0.0382068106766247
0.694319682338078	0.326934718451619	0.00462260341394301	-0.00462260341394301	-0.00462260341394301
0.800456835972769	0.97991560001645	-0.0638022554446752	0.0638022554446752	0.0638022554446752
0.681050081377181	0.59793182724274	-0.00325628113960404	0.00325628113960404	-0.00325628113960404
0.786828890302676	0.973756310200801	0.0196514137919634	0.0196514137919634	-0.0196514137919634
0.426167100836356	0.70169454386453	-0.0497194840741617	-0.0497194840741617	0.0497194840741617
0.833941673936727	0.988778376609686	0.0301286874587799	-0.0301286874587799	-0.0301286874587799
0.853711667280605	0.962151196285016	-0.00269396600973159	-0.00269396600973159	0.00269396600973159
0.939747076557309	0.989962039799223	-0.073216730038908	0.073216730038908	0.073216730038908
0.912404756754106	0.94819765020731	0.0737052305012947	-0.0737052305012947	-0.0737052305012947
0.861915999719936	0.831221302701808	0.0162181214089361	-0.0162181214089361	-0.0162181214089361
0.418089425524316	0.541036062129551	0.0847138337614122	0.0847138337614122	0.0847138337614122
0.292762108565147	0.105389312659292	-0.0349348197637167	0.0349348197637167	-0.0349348197637167
0.15461034243034	0.0162522761053842	-0.00775153234103299	-0.00775153234103299	-0.00775153234103299
0.923428318766303	0.835715233063734	0.0525569580523841	-0.0525569580523841	-0.0525569580523841
0.815157356885084	0.572538248491722	-0.0289068042646066	-0.0289068042646066	0.0289068042646066
0.355835365441431	0.280811872994548	0.035507959469562	-0.035507959469562	-0.035507959469562
0.0167611037009282	0.194317376594122	-0.115875651612469	0.115875651612469	-0.115875651612469
0.488288832310344	0.667292592695149	-0.0413972467253111	0.0413972467253111	0.0413972467253111
0.458331781833841	0.770819635072605	-0.0197160258773733	0.0197160258773733	-0.0197160258773733
0.141332278525117	0.165204449991553	-0.0299056550462266	0.0299056550462266	-0.0299056550462266
0.0387428312136252	0.0805774215632208	-0.226318531824049	-0.226318531824049	-0.226318531824049
0.85585490011856	0.867148717281714	-0.0429922005905891	0.0429922005905891	-0.0429922005905891
0.713034187757827	0.351667425598707	-0.00671172218700579	-0.00671172218700579	0.00671172218700579
0.481253028971985	0.435396926014807	-0.0232470008215472	0.0232470008215472	-0.0232470008215472
0.632907552442473	0.865904777506084	-0.011033923102812	-0.011033923102812	-0.011033923102812
0.227754561169591	0.54581192153943	-0.0900876989897354	0.0900876989897354	-0.0900876989897354
0.986040602912272	0.951578812061326	0.218719338251066	0.218719338251066	-0.218719338251066
0.734742480441328	0.714088751419923	0.00379594987856768	-0.00379594987856768	-0.00379594987856768
0.133185392715747	0.0626948911551886	0.207725185289044	0.207725185289044	0.207725185289044
0.769680678651788	0.888559068652597	-0.0705332689257535	0.0705332689257535	-0.0705332689257535
0.542980254470098	0.841108836230966	-0.0169407798445104	-0.0169407798445104	0.0169407798445104
0.374699886613106	0.0869420516762882	-0.0498526745620239	0.0498526745620239	-0.0498526745620239
0.285433667923308	0.260644916248245	0.0363311924198553	0.0363311924198553	0.0363311924198553
0.663959419927187	0.56189846609159	-0.00255936270307642	0.00255936270307642	-0.00255936270307642
0.986335403595497	0.870053775123945	-0.15064741102664	0.15064741102664	-0.15064741102664
0.413838854005331	0.167284921708226	0.00767584285780146	0.00767584285780146	-0.00767584285780146
0.444603618277357	0.195011461470022	-0.00847562581951806	0.00847562581951806	0.00847562581951806
0.981870871917357	0.969520247718739	-0.405833983249132	0.405833983249132	-0.405833983249132
0.455372825751379	0.90536414302844	0.0408131087506224	0.0408131087506224	-0.0408131087506224
0.380887587016247	0.244433105367147	-0.0834242598512651	0.0834242598512651	-0.0834242598512651
0.270302873707718	0.584935215632809	0.00647098741672088	-0.00647098741672088	0.00647098741672088
0.305981795165366	0.0818111130821674	-0.00136751354213984	0.00136751354213984	-0.00136751354213984
0.809738204496408	0.943865625529629	0.0412057989485327	0.0412057989485327	0.0412057989485327
0.0840428478417674	0.243979859203037	0.0815404831425196	-0.0815404831425196	0.0815404831425196
0.971164950749831	0.221552475696203	0.00656079619433819	0.00656079619433819	-0.00656079619433819
0.543000080254395	0.249354500852237	0.0127688277244397	-0.0127688277244397	0.0127688277244397
0.915831491478595	0.387224725059768	0.04789769975217	0.04789769975217	0.04789769975217
0.650903486290458	0.28020169202257	0.00836079624305951	0.00836079624305951	-0.00836079624305951
0.167352458454949	0.607333163164853	-0.00948108775293185	-0.00948108775293185	0.00948108775293185
0.980654091729572	0.707173280817942	-0.0481027792856354	0.0481027792856354	0.0481027792856354
0.862289438958753	0.470870266438665	-0.0348298287733287	0.0348298287733287	0.0348298287733287
0.612134988859937	0.950544345132475	0.0247808305050581	0.0247808305050581	-0.0247808305050581
0.892244929901356	0.440625069574788	-0.00242865726191838	0.00242865726191838	-0.00242865726191838
0.0901281200942188	0.200430601197515	0.0369868385069097	-0.0369868385069097	0.0369868385069097
0.236016377148084	0.20759787908857	-0.0280295696352371	-0.0280295696352371	-0.0280295696352371
0.361594440479743	0.231497593283503	-0.000627921858956943	0.000627921858956943	0.000627921858956943
0.126316224684154	0.672215007274097	-0.00170944333997551	-0.00170944333997551	0.00170944333997551
0.956813237081673	0.531594711177545	0.0216065134937236	-0.0216065134937236	0.0216065134937236
0.964524644712775	0.518534833836858	0.0792706295719055	-0.0792706295719055	0.0792706295719055
0.147436174367456	0.0587604780981415	-0.022490624630759	-0.022490624630759	-0.022490624630759
0.42628946148294	0.0674638823285045	-0.0917502266354044	-0.0917502266354044	-0.0917502266354044
0.889955552716303	0.959890499797216	-0.0672714412265012	-0.0672714412265012	0.0672714412265012
0.76627592738604	0.720304845939957	0.00674070804740892	-0.00674070804740892	-0.00674070804740892
0.164487308192114	0.785398036400534	-0.0247379672394253	0.0247379672394253	-0.0247379672394253
0.781940733962683	0.962638365525261	-0.00573843809243044	0.00573843809243044	0.00573843809243044
0.0687603846420938	0.0417783182355689	0.488075326123177	0.488075326123177	-0.488075326123177
0.33640542026606	0.650605592775579	0.00344562099600618	0.00344562099600618	-0.00344562099600618
0.779593126464767	0.57167012743173	0.0113985874093286	-0.0113985874093286	0.0113985874093286
0.429959224960162	0.269341335112626	-0.0151722448495808	-0.0151722448495808	0.0151722448495808
0.742101798094563	0.771158920311277	-0.0348482892059507	-0.0348482892059507	0.0348482892059507
0.96258287898239	0.96932748974498	-0.203077153538296	-0.203077153538296	-0.203077153538296
0.579181455909513	0.59880239618096	-0.0123949784585326	-0.0123949784585326	-0.0123949784585326
0.428749191111865	0.262487840055976	0.0168635770151153	0.0168635770151153	-0.0168635770151153
0.344206241155675	0.597007983321717	0.0799839828355737	0.0799839828355737	0.0799839828355737
0.906627862020408	0.955000890027289	0.117961418612207	0.117961418612207	0.117961418612207
0.252486551119702	0.707978086578975	-0.0623821163405844	0.0623821163405844	0.0623821163405844
0.0677409876619822	0.150623269516014	0.0149144628908286	0.0149144628908286	0.0149144628908286
0.0352877178010126	0.108551692699416	0.100292906355664	0.100292906355664	0.100292906355664
0.154090021629189	0.188700290783421	0.0537037202320447	0.0537037202320447	-0.0537037202320447
0.811918076362214	0.895135834158002	0.0209821892954537	0.0209821892954537	0.0209821892954537
0.981116426944828	0.957803492954659	-0.204415761773246	0.204415761773246	-0.204415761773246
0.242546946838092	0.0490805253706231	-0.0995866654377344	0.0995866654377344	0.0995866654377344
0.84065569912059	0.841891162975225	0.0779607945594219	0.0779607945594219	-0.0779607945594219
0.0461018221460747	0.0667500794294941	0.204675201712861	0.204675201712861	0.204675201712861
0.41598368560852	0.0541045956505891	-0.096389397620084	-0.096389397620084	-0.096389397620084
0.407742547947731	0.108310574899949	0.0274397378422197	0.0274397378422197	-0.0274397378422197
