t	P	cov	vgamma_GRMstd_mean	vgamma_GRMstd_CIl	vgamma_GRMstd_CIr	vgamma_GRMstd_ganc_mean	vgamma_GRMstd_ganc_CIl	vgamma_GRMstd_ganc_CIr	vgamma_GRMvarX_mean	vgamma_GRMvarX_CIl	vgamma_GRMvarX_CIr	vgamma_GRMvarX_ganc_mean	vgamma_GRMvarX_ganc_CIl	vgamma_GRMvarX_ganc_CIr	vgamma_GRMld_mean	vgamma_GRMld_CIl	vgamma_GRMld_CIr	vgamma_GRMld_ganc_mean	vgamma_GRMld_ganc_CIl	vgamma_GRMld_ganc_CIr	vgamma_gcta	vgamma_GCTA_wganc	vgamma_GRMvarX	vgamma_GRMvarX_ganc	var.prs.lanc	exp.theta	exp.var.theta	va.term4	va.term1	va.term2	va.term3
0	0	neg	NA	NA	NA	NA	NA	NA	NA	NA	NA	NA	NA	NA	NA	NA	NA	NA	NA	NA	NA	NA	NA	NA	5.39348280737441e-06	0.0340636710751544	0.0329033373880381	-0.0158487213720509	0.929264401226867	0.00792705465573731	0.00792705465573731
0	0	pos	NA	NA	NA	NA	NA	NA	NA	NA	NA	NA	NA	NA	NA	NA	NA	NA	NA	NA	NA	NA	NA	NA	0.149149838957834	0.0340636710751544	0.0329033373880381	0.133142434492084	0.929264401226867	0.00792705465573731	0.00792705465573731
0	0.9	neg	NA	NA	NA	NA	NA	NA	NA	NA	NA	NA	NA	NA	NA	NA	NA	NA	NA	NA	NA	NA	NA	NA	5.39348280737441e-06	0.0340636710751544	0.0329033373880382	-0.0158487213720509	0.929264401226867	0.00792705465573731	0.00792705465573734
0	0.9	pos	NA	NA	NA	NA	NA	NA	NA	NA	NA	NA	NA	NA	NA	NA	NA	NA	NA	NA	NA	NA	NA	NA	0.149149838957834	0.0340636710751544	0.0329033373880382	0.133142434492085	0.929264401226867	0.00792705465573731	0.00792705465573734
1	0	neg	NA	NA	NA	NA	NA	NA	NA	NA	NA	NA	NA	NA	NA	NA	NA	NA	NA	NA	NA	NA	NA	NA	0.00381648289289184	0.0669670084631925	0.0465911637776946	-0.0224418077839337	0.929935673782876	0.0150532335928679	0.0112247185561931
1	0	pos	NA	NA	NA	NA	NA	NA	NA	NA	NA	NA	NA	NA	NA	NA	NA	NA	NA	NA	NA	NA	NA	NA	0.215387219205498	0.0669670084631925	0.0465911637776946	0.188529841153343	0.929935673782876	0.0150532335928679	0.0112247185561931
1	0.9	neg	NA	NA	NA	NA	NA	NA	NA	NA	NA	NA	NA	NA	NA	NA	NA	NA	NA	NA	NA	NA	NA	NA	0.000387839711603734	0.0669670084631925	0.0608933017943843	-0.0293307928670559	0.929935673782876	0.0150532335928679	0.0146703820892003
1	0.9	pos	NA	NA	NA	NA	NA	NA	NA	NA	NA	NA	NA	NA	NA	NA	NA	NA	NA	NA	NA	NA	NA	NA	0.276258467162656	0.0669670084631925	0.0608933017943843	0.246403042632173	0.929935673782876	0.0150532335928679	0.0146703820892003
2	0	neg	0.0170391225	0.01085951875	0.0240075125	0.0207310311111111	0.0159493833333333	0.0254407666666667	0.0289528657142857	0.0213943142857143	0.0373165928571429	0.030579151	0.0229065175	0.0386195675	NA	NA	NA	NA	NA	NA	0.016656625	0.020633	0.0299561428571429	0.0307452	0.00925190205464727	0.0987495373891696	0.0511460677473603	-0.0246357920305872	0.930584080331334	0.0214413670909742	0.0123220836135231
2	0	pos	0.035877956	0.03193552	0.04001707	0.023919318	0.0171160475	0.0313057475	0.057402522	0.0511537625	0.064670475	0.038793299	0.028521525	0.0506273175	0.244977795	0.236854225	0.25372334	NA	NA	NA	0.0361677	0.0241841	0.0569184	0.0380697	0.241163099014915	0.0987495373891696	0.0511460677473603	0.206961132673924	0.930584080331334	0.0214413670909742	0.0123220836135231
2	0.9	neg	0.105028325	0.093835	0.116	0.0403540971428571	0.00171354285714286	0.0810949321428571	0.136124	0.0611456666666667	0.226256	0.050586054	-0.004047445	0.1155692525	NA	NA	NA	NA	NA	NA	0.1049175	0.0412394285714286	0.136474333333333	0.0496036	0.00104994162399104	0.0987495373891696	0.08452211866929	-0.0407122077850982	0.930584080331334	0.0214413670909742	0.0203630241640398
2	0.9	pos	0.0667480077777778	0.0587452027777778	0.0756706388888889	0.00755096	-0.01399125	0.03081993	0.126966977	0.113268945	0.142508405	0.010049755	-0.031943975	0.0607325174999999	NA	NA	NA	NA	NA	NA	0.0668997777777778	0.0059865	0.1265998	0.0116555	0.386804283790758	0.0987495373891696	0.08452211866929	0.342016389259932	0.930584080331334	0.0214413670909742	0.0203630241640398
3	0	neg	0.025040709	0.016889435	0.0309447975	0.028242504	0.0226550025	0.0344029025	0.0411106422222222	0.0335810472222222	0.0475561138888889	0.041272398	0.033779	0.0493980675	NA	NA	NA	NA	NA	NA	0.0252664	0.028312	0.0409686666666667	0.0412986	0.0146489034131417	0.129449436703876	0.051427737100965	-0.0247714651707213	0.931210399772406	0.0271497645551551	0.0123899432453453
3	0	pos	0.0414074275	0.036620678125	0.04710449375	0.0313513777777778	0.0252733972222222	0.0394618805555556	0.057700146	0.05021675	0.0639251325	0.042038936	0.032569635	0.049474385	0.257947395	0.251546725	0.2648309625	NA	NA	NA	0.0413685	0.030808	0.0572726	0.0418813	0.249518802530974	0.129449436703876	0.051427737100965	0.208100899835487	0.931210399772406	0.0271497645551551	0.0123899432453453
3	0.9	neg	-0.040665	-0.040665	-0.040665	0.0017009975	-0.0275165875	0.0333201249999999	-0.078042	-0.078042	-0.078042	0.03271863	-0.00322144	0.0648969925	NA	NA	NA	NA	NA	NA	-0.040665	-0.00033675	-0.078042	0.0338377	0.00193910379681967	0.129449436703876	0.104286650410898	-0.0502322924174759	0.931210399772406	0.0271497645551551	0.0251246847066491
3	0.9	pos	0.091087022	0.0707925725	0.1186221625	0.039482331	-0.006526155	0.0900389125	0.174027543	0.1344695375	0.21119213	0.077127827	0.0063437175	0.1543275825	NA	NA	NA	NA	NA	NA	0.0910915	0.0417563	0.1757836	0.0805549	0.480216735746241	0.129449436703876	0.104286650410898	0.421993014173076	0.931210399772406	0.0271497645551551	0.0251246847066491
4	0	neg	0.029359324	0.0250266225	0.033720995	0.030601651	0.02503248	0.035508915	0.039813021	0.0324496275	0.045518965	0.042218413	0.036615015	0.0480907075	NA	NA	NA	NA	NA	NA	0.0291811	0.0308043	0.0400111	0.0422374	0.0203322065096343	0.159103584746285	0.0497740265763743	-0.0239749138353606	0.931815384474047	0.0322325279382476	0.0119915321796652
4	0	pos	0.04315847375	0.04091130625	0.045731453125	0.03513796	0.0319546125	0.039131625	0.057089237	0.053351645	0.060904775	0.045405275	0.040134475	0.0504625575	0.244192706	0.2400724725	0.2490812675	NA	NA	NA	0.04313875	0.035291875	0.0573422	0.0458136	0.247368439455935	0.159103584746285	0.0497740265763743	0.201409206449113	0.931815384474047	0.0322325279382476	0.0119915321796652
4	0.9	neg	0.043892925	0.032805	0.056148	0.0417564428571429	0.0269366821428571	0.05509445	0.08499772	0.062266	0.106838	0.070032811	0.0493578675	0.0915704125	NA	NA	NA	NA	NA	NA	0.0444765	0.0404224285714286	0.084552	0.0683609	0.00305422251423545	0.159103584746285	0.120633617827348	-0.0581062210954677	0.931815384474047	0.0322325279382476	0.0290629874580553
4	0.9	pos	0.08207135	0.06915787	0.095697605	0.038931166	0.015994665	0.06277385	0.156407995	0.140210625	0.17999321	0.070029746	0.0331159675	0.1128066275	NA	NA	NA	NA	NA	NA	0.0821522	0.0370581	0.1566364	0.0706086	0.555701578185395	0.159103584746285	0.120633617827348	0.488140560627747	0.931815384474047	0.0322325279382476	0.0290629874580553
5	0	neg	0.03532826	0.0256094625	0.043759365	0.039867836	0.03282211	0.046081285	0.050462726	0.0420497775	0.0581119125	0.052371455	0.0457575775	0.0598716875	NA	NA	NA	NA	NA	NA	0.0352813	0.0396903	0.0504815	0.0520237	0.025430396591158	0.187747603643764	0.0473054432442459	-0.0227858584835222	0.932399761175807	0.0367398438105466	0.0113968023878132
5	0	pos	0.05043072	0.04740225	0.05406325	0.04413124	0.04089119375	0.047862	0.060761932	0.05719075	0.06360394	0.051856314	0.0474052675	0.055721565	0.24180704	0.2347537	0.248558495	NA	NA	NA	0.050512	0.04440475	0.0611552	0.0517117	0.24185356286937	0.187747603643764	0.0473054432442459	0.1914201530376	0.932399761175807	0.0367398438105466	0.0113968023878132
5	0.9	neg	0.0456460575	0.0185121625	0.069705	0.0315422644444444	0.00687653333333334	0.05195035	0.0815912325	0.03241125	0.130025925	0.051516119	0.0068484225	0.092846445	NA	NA	NA	NA	NA	NA	0.04445825	0.0298486666666667	0.083562	0.0511824	0.00448319719153828	0.187747603643764	0.133964347242368	-0.0645273027533321	0.932399761175807	0.0367398438105466	0.0322746197440898
5	0.9	pos	0.08190541	0.07285938	0.0914709175	0.035400997	0.01857461	0.0552095175	0.150004232	0.13528663	0.1680736525	0.064711807	0.027052055	0.111997975	0.614400709	0.6057931325	0.6232062525	NA	NA	NA	0.0806536	0.0343744	0.1521638	0.0648536	0.61977192954179	0.187747603643764	0.133964347242368	0.542082984368516	0.932399761175807	0.0367398438105466	0.0322746197440898
6	0	neg	0.0427946533333333	0.0370643305555556	0.0486388444444444	0.0444102144444444	0.038739925	0.0493422638888889	0.052795445	0.04515325	0.060156815	0.052839028	0.0441915225	0.061013005	NA	NA	NA	NA	NA	NA	0.0433761111111111	0.0443324444444444	0.0518003	0.0531064	0.030129583710005	0.215415902103249	0.0445551300799277	-0.0214611008605155	0.932964231861813	0.0407182555193188	0.0107341983936703
6	0	pos	0.05229253	0.050898	0.054561	0.04642025	0.044934	0.048559	0.0590294866666667	0.0545719888888889	0.0636715833333333	0.04866627	0.0442483025	0.05287986	0.228575567	0.2229079675	0.2349134	NA	NA	NA	0.0521213333333333	0.0467465	0.0586826666666667	0.0484421	0.232758709984376	0.215415902103249	0.0445551300799277	0.180291087739619	0.932964231861813	0.0407182555193188	0.0107341983936703
6	0.9	neg	0.0447240375	0.02820225	0.059705425	0.0339463166666667	0.0167193444444444	0.0533061972222222	0.0847292225	0.0586661625	0.11432075	0.057683514	0.025752845	0.089149105	NA	NA	NA	NA	NA	NA	0.044181	0.0338482222222222	0.08153925	0.0566399	0.00609865231320741	0.215415902103249	0.144639085280174	-0.0696690592531552	0.932964231861813	0.0407182555193188	0.0348463719910861
6	0.9	pos	0.080445378	0.0728528175	0.0879943275	0.036375995	0.0219135475	0.055500795	0.151333416	0.1346735475	0.1657950225	0.066976321	0.035009535	0.0913239775	0.672973349	0.6678256475	0.67923176	NA	NA	NA	0.0804551	0.0369795	0.1499018	0.0688836	0.669926961938599	0.215415902103249	0.144639085280174	0.585278013284805	0.932964231861813	0.0407182555193188	0.0348463719910861
7	0	neg	0.032816246	0.0229925475	0.041426035	0.043203232	0.0405688	0.045600945	0.051852054	0.0478729575	0.05521106	0.052796492	0.0492790625	0.0559443575	NA	NA	NA	NA	NA	NA	0.0340144	0.0430672	0.0518061	0.0529324	0.0339090193365145	0.242141716744801	0.0417730893949302	-0.0201210608778764	0.933509474604039	0.0442109167834001	0.0100639506220119
7	0	pos	0.063277865	0.059369	0.066412	0.058961275	0.05464	0.062871	0.060120838	0.0553981125	0.06883438	0.051902573	0.04465545	0.0596080875	0.216944535	0.2127947825	0.222110565	NA	NA	NA	0.0628905	0.0587555	0.0601677	0.0516902	0.224036644875191	0.242141716744801	0.0417730893949302	0.169033637916573	0.933509474604039	0.0442109167834001	0.0100639506220119
7	0.9	neg	0.05682046	0.045109115	0.070816595	0.0468042377777778	0.0283499305555556	0.0647103805555556	0.0868072633333333	0.0390315208333333	0.119464	0.077764882	0.05304121	0.106258665	NA	NA	NA	NA	NA	NA	0.0581868	0.0455983333333333	0.0890491666666667	0.0802272	0.00727742074091676	0.242141716744801	0.152980919704693	-0.0736871139558386	0.933509474604039	0.0442109167834001	0.0368560823323937
7	0.9	pos	0.087421386	0.0795190775	0.0947831125	0.052649123	0.0348913625	0.07062592	0.160740492	0.1413398375	0.1804660275	0.098304831	0.068923425	0.13051212	0.71266776	0.70039199	0.7264239575	NA	NA	NA	0.087389	0.0531487	0.161093	0.097929	0.711453409915441	0.242141716744801	0.152980919704693	0.619033012977149	0.933509474604039	0.0442109167834001	0.0368560823323937
8	0	neg	0.0499025066666667	0.0483749972222222	0.0516619666666667	0.0507629722222222	0.0484617388888889	0.0527522833333333	0.057445706	0.053001	0.0614142225	0.059024102	0.054162435	0.062897605	NA	NA	NA	NA	NA	NA	0.0499515555555556	0.0507598888888889	0.0576999	0.0586941	0.0379332438736688	0.267957152027187	0.03907307707477	-0.0188205319236652	0.934036144376838	0.0472578279776678	0.00941346508066204
8	0	pos	0.06254121	0.055518	0.070461	0.0575917	0.049981	0.066526	0.065973141	0.06195275	0.069848125	0.058702771	0.05457783	0.06378117	0.221918729	0.217390225	0.2267977525	NA	NA	NA	0.0629895	0.0582535	0.0656833	0.0585157	0.215339116736219	0.267957152027187	0.03907307707477	0.158108113577652	0.934036144376838	0.0472578279776678	0.00941346508066204
8	0.9	neg	0.05896708	0.0413453125	0.078768015625	0.0642898122222222	0.0396653333333333	0.0833397361111111	0.107168525	0.06809756875	0.1435257	0.107108336	0.07742992	0.1357210275	NA	NA	NA	NA	NA	NA	0.058771875	0.0632924444444444	0.10674375	0.1064087	0.00871946837069794	0.267957152027187	0.159279341342119	-0.0767209074108316	0.934036144376838	0.0472578279776678	0.0383734947448776
8	0.9	pos	0.080795945	0.067846235	0.0952376775	0.037759096	0.0098529575	0.0605544075	0.146816397	0.1270194825	0.1738743525	0.069507187	0.0238610425	0.1156573425	0.740951957	0.7271596325	0.754804775	NA	NA	NA	0.0806163	0.0390471	0.1468374	0.0710815	0.743229198099407	0.267957152027187	0.159279341342119	0.644519399977191	0.934036144376838	0.0472578279776678	0.0383734947448776
9	0	neg	0.051574647	0.0465623675	0.0570080225	0.052068034	0.0454624125	0.0583157375	0.060825269	0.053845775	0.067711765	0.061686875	0.05513246	0.06960718	0.0535249733333333	0.0501413666666667	0.059356	0.0531555866666667	0.0502310916666667	0.0562836666666667	0.0513901	0.0521498	0.0604486	0.0613426	0.0412141282917456	0.292893218813452	0.0365035142353892	-0.017582837248227	0.934544873843732	0.0498960562777573	0.00879440735928547
9	0	pos	0.0613705483333333	0.0590212	0.0632146541666667	0.05677746	0.0546274916666667	0.0592716666666667	0.070829823	0.06616861	0.07388586	0.064812952	0.0593668575	0.06893454	0.210403742	0.2063374425	0.21621879	NA	NA	NA	0.0615485	0.0567696666666667	0.0707576	0.0646426	0.206486887618818	0.292893218813452	0.0365035142353892	0.147710449414261	0.934544873843732	0.0498960562777573	0.00879440735928547
9	0.9	neg	0.0524908425	0.042156921875	0.0650374	0.0565899622222222	0.0459990138888889	0.0662243416666667	0.09164592375	0.0718169	0.1182066	0.095351248	0.076848795	0.11836258	NA	NA	NA	NA	NA	NA	0.051724375	0.0562253333333333	0.092924875	0.0954733	0.0100728949368716	0.292893218813452	0.163793479057784	-0.0788952555642396	0.934544873843732	0.0498960562777573	0.0394610384178367
9	0.9	pos	0.087099524	0.0740342625	0.102839935	0.052923623	0.031010625	0.0775615375	0.160934898	0.1355772125	0.18530886	0.098164813	0.05665877	0.1422062675	0.76414957	0.7533368875	0.774812095	NA	NA	NA	0.0871457	0.0545135	0.1568111	0.0980608	0.763464165514051	0.292893218813452	0.163793479057784	0.662785731991118	0.934544873843732	0.0498960562777573	0.0394610384178367
10	0	neg	0.05077754	0.04544019	0.0557510975	0.0498396222222222	0.0452918888888889	0.0539469638888889	0.058788222	0.05398293	0.065164105	0.059906055	0.0536216525	0.0663084075	0.05369628	0.0502205583333333	0.0570506666666667	0.0543290933333333	0.0508126666666667	0.059322	0.0510914	0.0500107777777778	0.0591175	0.0600001	0.0441393865256735	0.316979871622802	0.0340817039607129	-0.0164163113178431	0.9350362741174	0.0521599407566331	0.00821094610771758
10	0	pos	0.064917	0.064917	0.064917	0.0609936533333333	0.05623	0.0670292333333333	0.06525674625	0.058241478125	0.073436734375	0.057197185	0.05181688	0.0624545925	0.198539948	0.1927245525	0.2049916625	NA	NA	NA	0.064917	0.0609516666666667	0.06501925	0.0574335	0.197516317363697	0.316979871622802	0.0340817039607129	0.137910661871568	0.9350362741174	0.0521599407566331	0.00821094610771758
10	0.9	neg	0.05578821875	0.0422488375	0.07086810625	0.06118098	0.05071865	0.072212740625	0.10009647125	0.080026203125	0.122195478125	0.09367415	0.06381645	0.1181875375	NA	NA	NA	NA	NA	NA	0.055642875	0.06191525	0.09898175	0.0934664	0.0116170644745408	0.316979871622802	0.166755036963778	-0.0803217645388691	0.9350362741174	0.0521599407566331	0.0401745353835118
10	0.9	pos	0.084883055	0.0767663575	0.0945825525	0.05710974	0.0417863875	0.0719054275	0.149430201	0.1335400425	0.1670075725	0.100586219	0.07346111	0.1295829675	0.768399688	0.7588327675	0.78015785	NA	NA	NA	0.0847306	0.0571725	0.1507564	0.1017138	0.777566742849496	0.316979871622802	0.166755036963778	0.674769593228146	0.9350362741174	0.0521599407566331	0.0401745353835118
11	0	neg	0.0514849711111111	0.0469964111111111	0.0558366027777778	0.0523238788888889	0.0483075638888889	0.0567623777777778	0.056422396	0.0498655475	0.0637260125	0.056364474	0.049783945	0.062018655	0.05157123	0.04929	0.0532485	0.0527032266666667	0.0521183333333333	0.0533123333333333	0.0516552222222222	0.0523741111111111	0.0563793	0.0572347	0.0463716713119682	0.340246044613552	0.0318103276610102	-0.0153222457013214	0.935510935493778	0.0540812834511587	0.00766372732990341
11	0	pos	0.06873118	0.061954	0.076687	0.072976	0.072976	0.072976	0.0688383042857143	0.0632039714285714	0.0755810035714286	0.0618164344444444	0.0568579111111111	0.0689502666666667	0.182672369	0.1756386975	0.190133425	0.065311	0.065311	0.065311	0.0693205	0.072976	0.0688397142857143	0.0615701111111111	0.189178124513389	0.340246044613552	0.0318103276610102	0.12871960120123	0.935510935493778	0.0540812834511587	0.00766372732990341
11	0.9	neg	0.0473638622222222	0.0359679777777778	0.0610812666666667	0.049806375	0.0405721175	0.0609737875	0.0828538911111111	0.0634317083333333	0.104869186111111	0.088433251	0.069497995	0.1062557775	NA	NA	NA	NA	NA	NA	0.0472317777777778	0.0504881	0.0830397777777778	0.0887889	0.0130120742422795	0.340246044613552	0.168370960480146	-0.0811001148097679	0.935510935493778	0.0540812834511587	0.0405638428231393
11	0.9	pos	0.086780833	0.07895114	0.09441256	0.0621916	0.048885245	0.074253675	0.15310407	0.1413818825	0.16734496	0.108082379	0.0879414375	0.12634095	0.78122757	0.77141037	0.7918986925	NA	NA	NA	0.0868415	0.0626742	0.152597	0.110139	0.785693720100217	0.340246044613552	0.168370960480146	0.681308382542583	0.935510935493778	0.0540812834511587	0.0405638428231393
12	0	neg	0.0549226977777778	0.0495903638888889	0.0598419027777778	0.0556587688888889	0.0511019777777778	0.0617823805555556	0.059699523	0.0530437775	0.0659994875	0.061009505	0.055310805	0.067255195	0.0551961975	0.0490714875	0.0603045	0.0549526975	0.049108	0.0614595	0.0550538888888889	0.0557231111111111	0.0598745	0.0606536	0.0485862098653665	0.362719686340369	0.0296853850101259	-0.0142987135407906	0.935969428161158	0.0556895273482719	0.00715178726937959
12	0	pos	0.0681487425	0.0618765	0.075953	0.06631969	0.05877762	0.0722038	0.0721474388888889	0.0671947	0.0780765805555556	0.064171315	0.0569707475	0.0705161725	0.185508354	0.17689526	0.1931164975	0.064725	0.064725	0.064725	0.06821275	0.0655556	0.0721892222222222	0.0646856	0.183171701649705	0.362719686340369	0.0296853850101259	0.120121080195344	0.935969428161158	0.0556895273482719	0.00715178726937959
12	0.9	neg	0.0517884022222222	0.0444266583333333	0.0597745944444444	0.053451094	0.0430377025	0.0618347275	0.09004029	0.0742969694444444	0.1065482	0.091374439	0.0687223725	0.11083095	NA	NA	NA	NA	NA	NA	0.0518556666666667	0.0527841	0.0902103333333333	0.091835	0.0146258944202673	0.362719686340369	0.168825855539295	-0.0813192264749752	0.935969428161158	0.0556895273482719	0.0406734359003999
12	0.9	pos	0.081689337	0.0714431	0.0934316275	0.055906486	0.044658495	0.07075471	0.141101619	0.12608352	0.159007485	0.098321816	0.0780507925	0.1194964575	0.784298395	0.7734753125	0.79791293	NA	NA	NA	0.0813678	0.0564071	0.1411301	0.0978154	0.787541320627781	0.362719686340369	0.168825855539295	0.683149102676812	0.935969428161158	0.0556895273482719	0.0406734359003999
13	0	neg	0.056779368	0.05123637	0.06248707	0.057157564	0.0516071875	0.0626405475	0.063264208	0.05803981	0.06874293	0.064009355	0.0581762375	0.0700317925	0.05446384	0.0508744821428571	0.0594037785714285	0.0546977171428571	0.0501301607142857	0.0586876571428571	0.0565925	0.057258	0.0632051	0.0639486	0.0504054303400912	0.384427793327541	0.0277000032304767	-0.0133424043897849	0.936412302885129	0.0570119221764343	0.00667347014020272
13	0	pos	0.0666673	0.062911	0.070819	0.063369885	0.059526	0.066579	0.06747443125	0.06327206875	0.07220695625	0.06150889	0.0576722166666667	0.06599525	0.171759902	0.165353085	0.1789117375	NA	NA	NA	0.066865	0.0630525	0.067522125	0.0613441111111111	0.174180116011072	0.384427793327541	0.0277000032304767	0.112087288351638	0.936412302885129	0.0570119221764343	0.00667347014020272
13	0.9	neg	0.0570291177777778	0.0380777166666667	0.0753429333333333	0.060065464	0.0446864575	0.07507468	0.0975842388888889	0.0605113333333333	0.136463133333333	0.099199347	0.0689474425	0.13174357	NA	NA	NA	NA	NA	NA	0.058505	0.0580786	0.100828888888889	0.1000957	0.0157070008675329	0.384427793327541	0.168284183091637	-0.0810583162944488	0.936412302885129	0.0570119221764343	0.0405429364605574
13	0.9	pos	0.078946982	0.069993725	0.08891727	0.052299961	0.03860919	0.068500245	0.137607851	0.11971804	0.154380255	0.089832108	0.064341815	0.1207841825	0.785161208	0.7719307425	0.7957053475	NA	NA	NA	0.0792641	0.0535255	0.1359938	0.0918399	0.786014633392821	0.384427793327541	0.168284183091637	0.680957240266995	0.936412302885129	0.0570119221764343	0.0405429364605574
14	0	neg	0.056435303	0.0517235825	0.0611035775	0.056814578	0.0512804975	0.0611981725	0.061983262	0.05601915	0.06808673	0.0628654	0.0583137725	0.067776595	0.0548619571428571	0.0517364892857143	0.0583046642857143	0.0546465357142857	0.0518240392857143	0.057607775	0.056345	0.0569997	0.0623828	0.063108	0.0518530368086684	0.405396442498639	0.0258462531089591	-0.012449498943056	0.936840091670172	0.0580736788283875	0.00622686564054209
14	0	pos	0.0675890033333333	0.0643746875	0.0709989833333333	0.0616991885714286	0.0578939035714286	0.0655958714285714	0.070676294	0.06634392	0.0744862025	0.064960016	0.0609657125	0.0692377725	0.166742136	0.158926735	0.1744116775	NA	NA	NA	0.0674086666666667	0.0617434285714286	0.0705101	0.0651347	0.167825450101953	0.405396442498639	0.0258462531089591	0.104586140331055	0.936840091670172	0.0580736788283875	0.00622686564054209
14	0.9	neg	0.056905366	0.0481135225	0.0666328125	0.060228534	0.0515345625	0.0684479075	0.096989549	0.0834879275	0.1125198775	0.102954064	0.091818355	0.1176229675	NA	NA	NA	NA	NA	NA	0.0569199	0.0606554	0.0969762	0.1033351	0.0171078986188521	0.405396442498639	0.166892249123203	-0.0803878562321806	0.936840091670172	0.0580736788283875	0.0402075924644504
14	0.9	pos	0.075063873	0.06730682	0.08620314	0.050041485	0.039363875	0.062041145	0.126885798	0.11141679	0.14293169	0.086565257	0.0643324875	0.1128905825	0.782909664	0.7648767825	0.800097885	NA	NA	NA	0.0753186	0.0506763	0.1275902	0.0858127	0.778137816841632	0.405396442498639	0.166892249123203	0.675324818393674	0.936840091670172	0.0580736788283875	0.0402075924644504
15	0	neg	0.05890792	0.0552355444444445	0.0619239722222222	0.0595390144444444	0.05614935	0.0626572722222222	0.062332517	0.056684105	0.06683128	0.063684306	0.0585704675	0.06848438	0.05472864375	0.05259653125	0.05729454375	0.054404615	0.051264265625	0.057095721875	0.0588411111111111	0.0594667777777778	0.0625786	0.063281	0.0531429900486545	0.425650822501482	0.0241160039176405	-0.0116160808306613	0.937253308398754	0.0588981131856073	0.00581001491972087
15	0	pos	0.0661403425	0.06377125625	0.0681445	0.06332331	0.059513935	0.06776769	0.069818341	0.0665410475	0.073357665	0.063783633	0.060033405	0.0683796475	0.162771611	0.1583757525	0.1669345175	0.064654	0.064654	0.064654	0.0663505	-7284630070.80978	0.0696208	0.0640909	0.162005635232248	0.425650822501482	0.0241160039176405	0.0975847353704185	0.937253308398754	0.0588981131856073	0.00581001491972087
15	0.9	neg	0.05898332	0.0446235825	0.06935133	0.062662858	0.0496392825	0.0740863775	0.096744188	0.07056512	0.1194213375	0.103240505	0.0768398975	0.1256103325	NA	NA	NA	NA	NA	NA	0.0573572	0.0619645	0.0965266	0.1042914	0.0185771259799654	0.425650822501482	0.164780008617249	-0.0793704423797549	0.937253308398754	0.0588981131856073	0.0396987125979707
15	0.9	pos	0.077742257	0.0712284175	0.084250375	0.05579681	0.0460731925	0.0647194525	0.129236976	0.11803764	0.1403295375	0.093402731	0.0777556175	0.1108586225	0.773259116	0.762411685	0.7836255025	NA	NA	NA	0.0769855	0.0560156	0.129282	0.0940677	0.773272839664129	0.425650822501482	0.164780008617249	0.666777696261992	0.937253308398754	0.0588981131856073	0.0396987125979707
16	0	neg	0.058140466	0.0561737125	0.059840705	0.058652476	0.05665658	0.06042856	0.063462685	0.0611557675	0.06539616	0.064040961	0.0618369425	0.0660699375	0.05293607	0.0511068975	0.0541578425	0.05294133	0.05120528	0.054334915	0.0580469	0.0586662	0.0633408	0.0640169	0.0537127074995194	0.445215263966077	0.0225013156398579	-0.0108383255435458	0.937652449448611	0.0595067800629492	0.0054210050731205
16	0	pos	0.06091322	0.05762953125	0.06578775	0.06212823	0.052206	0.069593	0.067311808	0.0634674	0.073687025	0.0605257855555556	0.0568154111111111	0.0646869916666667	0.149274092	0.144347475	0.1542093225	0.063444	0.063444	0.063444	0.0611965	0.0618213333333333	0.067154	0.0604384444444445	0.154960296935779	0.445215263966077	0.0225013156398579	0.0910509444143692	0.937652449448611	0.0595067800629492	0.0054210050731205
16	0.9	neg	0.051238787	0.043857305	0.0590544325	0.054874293	0.0492183275	0.0617226075	0.08470578	0.0732774425	0.0974377775	0.090610308	0.080725115	0.1044630825	NA	NA	NA	NA	NA	NA	0.0513007	0.0545759	0.0853798	0.0908376	0.0200603245411025	0.445215263966077	0.162062700267339	-0.0780615823570836	0.937652449448611	0.0595067800629492	0.0390440601062738
16	0.9	pos	0.075999306	0.069491255	0.0850171325	0.056133961	0.046874945	0.068166175	0.125219226	0.1165958725	0.137367615	0.09291502	0.0802816925	0.10967194	0.755867447	0.745517795	0.770222115	NA	NA	NA	0.0758162	0.0557193	0.1261231	0.0926953	0.763052752246412	0.445215263966077	0.162062700267339	0.655782184022428	0.937652449448611	0.0595067800629492	0.0390440601062738
17	0	neg	0.055151886	0.05197779	0.05803324	0.055784176	0.05315753	0.0587826075	0.059841306	0.0561555325	0.063548865	0.060474516	0.05753609	0.0640815175	0.0531103971428571	0.0497561928571429	0.0556461107142857	0.0532043971428571	0.0502217892857143	0.0563010214285714	0.0550386	0.0556735	0.0597106	0.0603992	0.0547376616124252	0.464113268731853	0.0209946091139933	-0.0101125823875777	0.938037994289031	0.059919597943566	0.00505801013312919
17	0	pos	0.06434732	0.061474	0.06726052	0.0608258166666667	0.0575006666666667	0.0647841666666667	0.0684147166666667	0.0648477611111111	0.0719204583333333	0.062781429	0.059348285	0.06662664	0.146283493	0.1417424775	0.150548125	0.06040336	0.058852	0.062084	0.0642372	0.0606736666666667	0.0683932222222222	0.0627981	0.149747236228865	0.464113268731853	0.0209946091139933	0.0849540985973958	0.938037994289031	0.059919597943566	0.00505801013312919
17	0.9	neg	0.062869988	0.0539556525	0.0717214825	0.065490648	0.0577212075	0.073148	0.104929238	0.09070856	0.119955445	0.10584862	0.0918512833333333	0.118194247222222	NA	NA	NA	NA	NA	NA	0.0624346	0.0650039	0.1028425	0.105563111111111	0.0213686920281839	0.464113268731853	0.158842327265708	-0.0765104085714277	0.938037994289031	0.059919597943566	0.0382682095445291
17	0.9	pos	0.078073755	0.071915895	0.083826255	0.059985367	0.05163523	0.0685717525	0.128723875	0.1176771775	0.1363306	0.099484078	0.0843450925	0.1128966275	0.745295302	0.73826939	0.7527800375	NA	NA	NA	0.0782955	0.0602822	0.1289139	0.0992615	0.750316273347919	0.464113268731853	0.158842327265708	0.642751034739512	0.938037994289031	0.059919597943566	0.0382682095445291
18	0	neg	0.061048408	0.0580053625	0.06334962	0.061514584	0.058613235	0.064444535	0.065727063	0.0627809575	0.0692366525	0.066500854	0.0635025	0.069924345	0.056625159	0.0531927825	0.05973586	0.056637811	0.053221375	0.059527345	0.0610203	0.06162	0.0658222	0.0664688	0.0550635966080507	0.482367538079311	0.0195887302102794	-0.00943540539592371	0.938410406056824	0.0601549651290152	0.00471930653058401
18	0	pos	0.068291226	0.066434	0.06984913	0.064004988	0.061388835	0.066439845	0.0709221588888889	0.0680017722222222	0.0735464472222222	0.065237135	0.0608960575	0.068548965	0.144646646	0.1413250775	0.147579145	0.0614774966666667	0.060292	0.063603	0.0682778	0.0641336	0.0710141111111111	0.0652531	0.144065296176915	0.482367538079311	0.0195887302102794	0.0792652489334835	0.938410406056824	0.0601549651290152	0.00471930653058401
18	0.9	neg	0.06264082	0.05253655	0.072640085	0.065699182	0.05669211	0.0759433	0.104867796	0.0907404075	0.121539705	0.10540448	0.0886113675	0.120656735	NA	NA	NA	NA	NA	NA	0.0628528	0.0653613	0.102423	0.1065098	0.022567303636246	0.482367538079311	0.155208998135959	-0.0747603240632439	0.938410406056824	0.0601549651290152	0.0373928698106249
18	0.9	pos	0.075996824	0.06853919	0.08507829	0.057467658	0.04673605	0.070215175	0.123342321	0.1090104825	0.1389839025	0.092918472	0.074656685	0.1132348125	0.733021858	0.7229805725	0.7418159075	NA	NA	NA	0.075761	0.0575387	0.1234474	0.0937423	0.734034322662399	0.482367538079311	0.155208998135959	0.628048870033823	0.938410406056824	0.0601549651290152	0.0373928698106249
19	0	neg	0.061459501	0.0580120225	0.0657863925	0.061746844	0.057555105	0.0661007175	0.065786722	0.0608296775	0.070290295	0.066758911	0.0625375575	0.072114515	0.057521273	0.0537375425	0.061349345	0.057320378	0.053029985	0.06160742	0.061402	0.062002	0.0659061	0.0665498	0.0562656546891731	0.5	0.0182769640341526	-0.0088035601704521	0.938770132112653	0.0602298678873466	0.00440327651663518
19	0	pos	0.068566656	0.064049745	0.0746928	0.0642892666666667	0.06005415	0.0690434333333333	0.07029952125	0.065908353125	0.075497425	0.0644236322222222	0.0597075138888889	0.0697795222222222	0.132348352	0.12582566	0.13795872	0.0632503833333333	0.060216475	0.069115	0.0685486	0.0640526666666667	0.070384375	0.0646371111111111	0.138365162100768	0.5	0.0182769640341526	0.0739572237895848	0.938770132112653	0.0602298678873466	0.00440327651663518
19	0.9	neg	0.05530858	0.0445633875	0.06719238	0.060383807	0.045318915	0.0715057725	0.092558743	0.07130919	0.1136397325	0.096666325	0.078555255	0.11274535	NA	NA	NA	NA	NA	NA	0.0567574	0.0595781	0.0914858	0.0960244	0.0234380429775152	0.5	0.151242140342118	-0.0728495870715616	0.938770132112653	0.0602298678873466	0.0364371765272212
19	0.9	pos	0.0797597444444444	0.0698051305555556	0.0872040055555555	0.0632723966666667	0.0521972611111111	0.0742495027777778	0.124055229	0.112544135	0.136520665	0.095930673	0.078090645	0.11376041	0.718622484	0.71077558	0.7275554025	NA	NA	NA	0.0786267777777778	0.0629316666666667	0.1236881	0.0969711	0.716067497116595	0.5	0.151242140342118	0.611997090917098	0.938770132112653	0.0602298678873466	0.0364371765272212
20	0	neg	0.059205958	0.056600155	0.0614316	0.059813464	0.057826165	0.0620024825	0.063382792	0.060918555	0.06567352	0.063890144	0.06117283	0.066660405	0.055992841	0.053570465	0.0584396075	0.056184473	0.0539774725	0.0583426575	0.0593026	0.0598956	0.0633275	0.0639603	0.0562477270605988	0.517031835537577	0.0170530261185299	-0.00821401963927047	0.939117604578442	0.0601599811426662	0.00410840604079412
20	0	pos	0.0703262233333333	0.065817375	0.0750084	0.0668534414285714	0.0626957571428571	0.0701653928571429	0.07396523375	0.070447734375	0.07870253125	0.0684894666666667	0.0640863611111111	0.0733752444444444	0.134609597	0.1295577825	0.14127236	0.063543725	0.0601635041666667	0.0666396666666667	0.070917	0.0668627142857143	0.074056375	0.0682902222222222	0.132457502902771	0.517031835537577	0.0170530261185299	0.0690045932454135	0.939117604578442	0.0601599811426662	0.00410840604079412
20	0.9	neg	0.043940956	0.035456465	0.05189268	0.047125882	0.0394537425	0.05475593	0.071386244	0.05380595	0.084446445	0.07758637	0.0659463825	0.08814844	NA	NA	NA	NA	NA	NA	0.0444485	0.0473224	0.0711037	0.0756804	0.0243941246004002	0.517031835537577	0.147011598276771	-0.070811839907628	0.939117604578442	0.0601599811426662	0.0354179565684705
20	0.9	pos	0.0777642933333333	0.0694489166666667	0.0855785805555556	0.061158494	0.053226735	0.070247885	0.122011281	0.110279565	0.135521405	0.096431873	0.083024415	0.1137418125	0.697730897	0.6829904125	0.7151313075	NA	NA	NA	0.0774124444444445	0.0610558	0.1217688	0.0975011	0.697463017538433	0.517031835537577	0.147011598276771	0.594878320770511	0.939117604578442	0.0601599811426662	0.0354179565684705
