t	P	cov	vg_gcta	vg_GRMvarX	vg_GRMld	vg_gcta_wganc	vg_GRMvarX_ganc	vg_GRMld_ganc	var.prs.geno	exp.theta	exp.var.theta	va.term4	va.term1	va.term2	va.term3	exp.vg	exp.vgamma
0	0	neg	0.9351316	0.9437423	0.9239045	0.9352649	0.94389	0.9245376	0.926945517501178	0.0340636710751544	0.0329033373880381	-0.0158487213720509	0.929264401226867	0.00792705465573731	0.00792705465573731	0.929269789166291	5.38793942374619e-06
0	0	pos	0.9398151	0.9487426	1.0736547	0.9394283	0.9483302	0.9475377	1.07192256316611	0.0340636710751544	0.0329033373880381	0.133142434492084	0.929264401226867	0.00792705465573731	0.00792705465573731	1.07826094503043	0.148996543803559
0	0.9	neg	0.9351316	0.9437423	0.9239045	0.9352649	0.94389	0.9245376	0.926945517501178	0.0340636710751544	0.0329033373880382	-0.0158487213720509	0.929264401226867	0.00792705465573731	0.00792705465573734	0.929269789166291	5.38793942371496e-06
0	0.9	pos	0.9398151	0.9487426	1.0736547	0.9394283	0.9483302	0.9475377	1.07192256316611	0.0340636710751544	0.0329033373880382	0.133142434492085	0.929264401226867	0.00792705465573731	0.00792705465573734	1.07826094503043	0.14899654380356
1	0	neg	0.9495048	0.9614857	0.9349943	0.9495665	0.9615508	0.9355175	0.931118845417086	0.0669670084631925	0.0465911637776946	-0.0224418077839337	0.929935673782876	0.0150532335928679	0.0112247185561931	0.933771818148003	0.00383614436512723
1	0	pos	0.9512404	0.9635189	1.1426274	0.9510429	0.9633043	0.957328	1.13999098460813	0.0669670084631925	0.0465911637776946	0.188529841153343	0.929935673782876	0.0150532335928679	0.0112247185561931	1.14474346708528	0.214807793302404
1	0.9	neg	0.9404864	0.9563642	0.9242236	0.9405594	0.9564432	0.9247212	0.929191858060564	0.0669670084631925	0.0608933017943843	-0.0293307928670559	0.929935673782876	0.0150532335928679	0.0146703820892003	0.930328496597888	0.000392822815012295
1	0.9	pos	0.9495573	0.9658596	1.2079172	0.9496735	0.9659676	0.9466141	1.20314859592277	0.0669670084631925	0.0608933017943843	0.246403042632173	0.929935673782876	0.0150532335928679	0.0146703820892003	1.20606233209712	0.276126658314241
2	0	neg	0.954176	0.9672685	0.9395472	0.9543364	0.967431	0.9403733	0.938127107471997	0.0987495373891696	0.0511460677473603	-0.0246357920305872	0.930584080331335	0.0214413670909742	0.0123220836135231	0.939711739005245	0.00912765867391011
2	0	pos	0.9533227	0.966623	1.1644937	0.9529559	0.9662244	0.9537712	1.16582981539252	0.0987495373891696	0.0511460677473603	0.206961132673924	0.930584080331335	0.0214413670909742	0.0123220836135231	1.17130866370976	0.240724583378421
2	0.9	neg	0.9556454	0.9770539	0.9332127	0.9556794	0.9771061	0.9339142	0.931206206182037	0.0987495373891696	0.08452211866929	-0.0407122077850982	0.930584080331335	0.0214413670909742	0.0203630241640398	0.93167626380125	0.00109218346991583
2	0.9	pos	0.9466237	0.9686436	1.3123942	0.9469122	0.9689317	0.9362782	1.31774886009417	0.0987495373891696	0.08452211866929	0.342016389259932	0.930584080331335	0.0214413670909742	0.0203630241640398	1.31440486084628	0.383820780514946
3	0	neg	0.9599729	0.973519	0.9516596	0.9599866	0.9735292	0.9521312	0.951157125832099	0.129449436703876	0.051427737100965	-0.0247714651707213	0.931210399772406	0.0271497645551551	0.0123899432453453	0.945978642402185	0.0147682426297791
3	0	pos	0.9572814	0.9706687	1.1875274	0.9575968	0.9709918	0.9747975	1.18637440157182	0.129449436703876	0.051427737100965	0.208100899835487	0.931210399772406	0.0271497645551551	0.0123899432453453	1.17885100740839	0.247640607635988
3	0.9	neg	0.9541955	0.9800067	0.9226564	0.9542205	0.980049	0.9233987	0.927881773243474	0.129449436703876	0.104286650410898	-0.0502322924174759	0.931210399772406	0.0271497645551551	0.0251246847066491	0.933252556616734	0.00204215684432834
3	0.9	pos	0.965216	0.9926862	1.414387	0.9643763	0.991714	0.9415233	1.41044827864527	0.129449436703876	0.104286650410898	0.421993014173076	0.931210399772406	0.0271497645551551	0.0251246847066491	1.40547786320729	0.474267463434881
4	0	neg	0.9620169	0.9742422	0.949597	0.9620985	0.9743281	0.9502652	0.95078248069841	0.159103584746285	0.0497740265763743	-0.0239749138353606	0.931815384474047	0.0322325279382476	0.0119915321796652	0.9520645307566	0.0202491462825523
4	0	pos	0.9628701	0.9756544	1.1692743	0.9627414	0.9755067	0.9757737	1.17289262351277	0.159103584746285	0.0497740265763743	0.201409206449113	0.931815384474047	0.0322325279382476	0.0119915321796652	1.17744865104107	0.245633266567026
4	0.9	neg	0.9673472	0.9978838	0.9324002	0.9673767	0.9978998	0.9333467	0.930762777037044	0.159103584746285	0.120633617827348	-0.0581062210954677	0.931815384474047	0.0322325279382476	0.0290629874580553	0.935004678774883	0.0031892943008353
4	0.9	pos	0.968265	0.9999635	1.4852404	0.9684279	1.0001102	0.944189	1.4800718633445	0.159103584746285	0.120633617827348	0.488140560627747	0.931815384474047	0.0322325279382476	0.0290629874580553	1.4812514604981	0.54943607602405
5	0	neg	0.9697611	0.9818185	0.9535234	0.9697864	0.9818423	0.9541129	0.954262235419897	0.187747603643764	0.0473054432442459	-0.0227858584835222	0.932399761175807	0.0367398438105466	0.0113968023878132	0.957750548890645	0.0253507877148377
5	0	pos	0.9674092	0.9793196	1.1800862	0.9671346	0.9790276	0.9971489	1.18329234935241	0.187747603643764	0.0473054432442459	0.1914201530376	0.932399761175807	0.0367398438105466	0.0113968023878132	1.17195656041177	0.23955679923596
5	0.9	neg	0.9705817	1.0037925	0.9364758	0.9706293	1.0038656	0.937439	0.936954571092199	0.187747603643764	0.133964347242368	-0.0645273027533321	0.932399761175807	0.0367398438105466	0.0322746197440898	0.936886921977111	0.00448716080130428
5	0.9	pos	0.9746042	1.0091106	1.5430977	0.973692	1.0080514	0.9410096	1.53936659270408	0.187747603643764	0.133964347242368	0.542082984368516	0.932399761175807	0.0367398438105466	0.0322746197440898	1.54349720909896	0.611097447923152
6	0	neg	0.9660919	0.9766338	0.9494381	0.9662215	0.9767723	0.9501146	0.955716022990648	0.215415902103249	0.0445551300799277	-0.0214611008605155	0.932964231861813	0.0407182555193188	0.0107341983936703	0.962955584914287	0.0299913530524737
6	0	pos	0.9790133	0.9903091	1.1654416	0.978913	0.9902016	1.001024	1.16231957440907	0.215415902103249	0.0445551300799277	0.180291087739619	0.932964231861813	0.0407182555193188	0.0107341983936703	1.16470777351442	0.231743541652608
6	0.9	neg	0.9752638	1.0108027	0.9375258	0.9753583	1.0109275	0.9383024	0.93945600153129	0.215415902103249	0.144639085280174	-0.0696690592531552	0.932964231861813	0.0407182555193188	0.0348463719910861	0.938859800119063	0.00589556825724977
6	0.9	pos	0.9776272	1.0152377	1.6066186	0.9777363	1.0153283	0.9465704	1.6017182723008	0.215415902103249	0.144639085280174	0.585278013284805	0.932964231861813	0.0407182555193188	0.0348463719910861	1.59380687265702	0.66084264079521
7	0	neg	0.9794513	0.9900784	0.965326	0.9795125	0.9901394	0.9660607	0.963773392572017	0.242141716744801	0.0417730893949302	-0.0201210608778764	0.933509474604039	0.0442109167834001	0.0100639506220119	0.967663281131574	0.0341538065275356
7	0	pos	0.9768206	0.9875279	1.1514731	0.9765136	0.9872097	1.0012727	1.15050624043666	0.242141716744801	0.0417730893949302	0.169033637916573	0.933509474604039	0.0442109167834001	0.0100639506220119	1.15681797992602	0.223308505321985
7	0.9	neg	0.97473	1.0129632	0.9325919	0.9748741	1.0131498	0.9334619	0.938080977786408	0.242141716744801	0.152980919704693	-0.0736871139558385	0.933509474604039	0.0442109167834001	0.0368560823323937	0.940889359763994	0.0073798851599553
7	0.9	pos	0.9829588	1.022267	1.6435027	0.9824253	1.0216153	0.94532	1.64374804510671	0.242141716744801	0.152980919704693	0.619033012977149	0.933509474604039	0.0442109167834001	0.0368560823323937	1.63360948669698	0.700100012092943
8	0	neg	0.9867527	0.9968513	0.9787135	0.9868346	0.9969358	0.9793141	0.973082067891984	0.267957152027187	0.03907307707477	-0.0188205319236652	0.934036144376838	0.0472578279776678	0.00941346508066204	0.971886905511502	0.0378507611346646
8	0	pos	0.9801296	0.9899653	1.1471611	0.9797011	0.9895169	1.0019614	1.14419178907246	0.267957152027187	0.03907307707477	0.158108113577652	0.934036144376838	0.0472578279776678	0.00941346508066204	1.14881555101282	0.214779406635982
8	0.9	neg	0.9799032	1.0196727	0.9417157	0.9799595	1.0197343	0.9424944	0.942453073901324	0.267957152027187	0.159279341342119	-0.0767209074108316	0.934036144376838	0.0472578279776678	0.0383734947448776	0.942946559688551	0.00891041531171376
8	0.9	pos	0.9850255	1.0260749	1.6766647	0.9846152	1.0255596	0.9493577	1.66531297063238	0.267957152027187	0.159279341342119	0.644519399977191	0.934036144376838	0.0472578279776678	0.0383734947448776	1.66418686707657	0.730150722699736
9	0	neg	0.9888693	0.997794	0.9735365	0.9890152	0.9979416	0.9743275	0.969108911509917	0.292893218813452	0.0365035142353892	-0.017582837248227	0.934544873843732	0.0498960562777573	0.00879440735928547	0.975652500232548	0.0411076263888158
9	0	pos	0.9848712	0.9943777	1.1405372	0.9843165	0.9938	1.0117721	1.1384351156485	0.292893218813452	0.0365035142353892	0.147710449414261	0.934544873843732	0.0498960562777573	0.00879440735928547	1.14094578689504	0.206400913051304
9	0.9	neg	0.9896792	1.0307871	0.9449241	0.9897346	1.0308702	0.9457153	0.938871229205514	0.292893218813452	0.163793479057784	-0.0788952555642396	0.934544873843732	0.0498960562777573	0.0394610384178367	0.945006712975086	0.0104618391313545
9	0.9	pos	0.9919605	1.0345082	1.7012843	0.9918605	1.0343382	0.9551564	1.70477537928209	0.292893218813452	0.163793479057784	0.662785731991118	0.934544873843732	0.0498960562777573	0.0394610384178367	1.68668770053044	0.752142826686713
10	0	neg	0.992408	1.0005361	0.9946328	0.992427	1.0005567	0.9950955	0.991118997748621	0.316979871622802	0.0340817039607129	-0.0164163113178431	0.9350362741174	0.0521599407566331	0.00821094610771758	0.978990849663907	0.0439545755465075
10	0	pos	0.9863514	0.994966	1.1281124	0.9855749	0.9941675	1.0085104	1.1276209669591	0.316979871622802	0.0340817039607129	0.137910661871568	0.9350362741174	0.0521599407566331	0.00821094610771758	1.13331782285332	0.198281548735918
10	0.9	neg	0.9867016	1.02851	0.9452879	0.9867181	1.0285473	0.9460305	0.94609363254389	0.316979871622802	0.166755036963778	-0.0803217645388691	0.9350362741174	0.0521599407566331	0.0401745353835118	0.947048985718676	0.0120127116012758
10	0.9	pos	0.979379	1.0215767	1.6868071	0.9786475	1.020711	0.9356373	1.69741405647374	0.316979871622802	0.166755036963778	0.674769593228146	0.9350362741174	0.0521599407566331	0.0401745353835118	1.70214034348569	0.767104069368291
11	0	neg	0.9890022	0.9970107	0.979448	0.9890283	0.9970366	0.9797702	0.981012639650003	0.340246044613552	0.0318103276610102	-0.0153222457013214	0.935510935493778	0.0540812834511587	0.00766372732990341	0.981933700573519	0.0464227650797407
11	0	pos	0.991992	1.0004057	1.1215326	0.9919992	1.0004079	1.025302	1.12308180214488	0.340246044613552	0.0318103276610102	0.12871960120123	0.935510935493778	0.0540812834511587	0.00766372732990341	1.12597554747607	0.190464611982292
11	0.9	neg	0.9854726	1.0274157	0.9422321	0.9855461	1.0275048	0.9429513	0.944968917718032	0.340246044613552	0.168370960480146	-0.0811001148097679	0.935510935493778	0.0540812834511587	0.0405638428231393	0.949055946958308	0.0135450114645301
11	0.9	pos	0.995249	1.0382937	1.7219333	0.9953062	1.0383185	0.9618831	1.72682922091315	0.340246044613552	0.168370960480146	0.681308382542583	0.935510935493778	0.0540812834511587	0.0405638428231393	1.71146444431066	0.775953508816881
12	0	neg	0.9853204	0.9925636	0.9748302	0.9854308	0.9926752	0.9752491	0.977844717156761	0.362719686340369	0.0296853850101259	-0.0142987135407906	0.935969428161158	0.0556895273482719	0.00715178726937959	0.984512029238019	0.0485426010768609
12	0	pos	0.9935594	1.0010799	1.1290975	0.9930523	1.0005585	1.0334286	1.12872305588216	0.362719686340369	0.0296853850101259	0.120121080195344	0.935969428161158	0.0556895273482719	0.00715178726937959	1.11893182297415	0.182962394812995
12	0.9	neg	0.9932945	1.0356416	0.9482248	0.9933272	1.0356679	0.9490599	0.949674612417479	0.362719686340369	0.168825855539295	-0.0813192264749752	0.935969428161158	0.0556895273482719	0.0406734359003999	0.951013164934855	0.0150437367736965
12	0.9	pos	0.9869751	1.0289336	1.7129507	0.9864413	1.0283003	0.948381	1.72383090728407	0.362719686340369	0.168825855539295	0.683149102676812	0.935969428161158	0.0556895273482719	0.0406734359003999	1.71548149408664	0.779512065925483
13	0	neg	0.9960191	1.0028101	0.9896229	0.9960858	1.002881	0.9903086	0.988405315353849	0.384427793327541	0.0277000032304767	-0.0133424043897849	0.936412302885129	0.0570119221764343	0.00667347014020272	0.986755290811981	0.0503429879268521
13	0	pos	0.991694	0.9988522	1.1058373	0.9911568	0.9983023	1.0196738	1.10855163218039	0.384427793327541	0.0277000032304767	0.112087288351638	0.936412302885129	0.0570119221764343	0.00667347014020272	1.1121849835534	0.175772680668275
13	0.9	neg	0.9936335	1.0361712	0.9519232	0.993726	1.0362574	0.9527276	0.953208297269687	0.384427793327541	0.168284183091637	-0.0810583162944487	0.936412302885129	0.0570119221764343	0.0405429364605574	0.952908845227672	0.016496542342543
13	0.9	pos	1.0013059	1.0439697	1.7237139	1.0004577	1.0429803	0.9614979	1.71947802772519	0.384427793327541	0.168284183091637	0.680957240266994	0.936412302885129	0.0570119221764343	0.0405429364605574	1.71492440178911	0.778512098903986
14	0	neg	0.9910104	0.9976627	0.9861728	0.9911065	0.9977611	0.9867798	0.988101190139783	0.405396442498639	0.0258462531089591	-0.012449498943056	0.936840091670172	0.0580736788283875	0.00622686564054209	0.988691137196045	0.0518510455258736
14	0	pos	0.9989849	1.0055665	1.1141974	0.998637	1.0052086	1.0400234	1.11052792079544	0.405396442498639	0.0258462531089591	0.104586140331055	0.936840091670172	0.0580736788283875	0.00622686564054209	1.10572677647016	0.168886684799985
14	0.9	neg	0.9993232	1.0418357	0.9561211	0.9993761	1.0419034	0.9568416	0.954072236150421	0.405396442498639	0.166892249123203	-0.0803878562321806	0.936840091670172	0.0580736788283875	0.0402075924644504	0.954733506730829	0.0178934150606573
14	0.9	pos	1.0005866	1.042729	1.7204568	1.0002905	1.0423612	0.9617277	1.717362304736	0.405396442498639	0.166892249123203	0.675324818393674	0.936840091670172	0.0580736788283875	0.0402075924644504	1.71044618135668	0.773606089686512
15	0	neg	0.9950188	1.0016398	0.9841311	0.9950637	1.0016849	0.9845445	0.985086163961471	0.425650822501482	0.0241160039176405	-0.0116160808306613	0.937253308398755	0.0588981131856073	0.00581001491972087	0.990345355673421	0.0530920472746668
15	0	pos	0.9966776	1.0024785	1.1038502	0.9964436	1.0022373	1.0357269	1.10226405252616	0.425650822501482	0.0241160039176405	0.0975847353704185	0.937253308398755	0.0588981131856073	0.00581001491972087	1.0995461718745	0.162292863475747
15	0.9	neg	0.9977255	1.0386105	0.9542805	0.9978042	1.0387077	0.9550556	0.952945397051557	0.425650822501482	0.164780008617249	-0.0793704423797549	0.937253308398755	0.0588981131856073	0.0396987125979707	0.956479691802578	0.0192263834038231
15	0.9	pos	0.9940157	1.0351219	1.700866	0.9935173	1.0345072	0.9513116	1.70545524289266	0.425650822501482	0.164780008617249	0.666777696261992	0.937253308398755	0.0588981131856073	0.0396987125979707	1.70262783044432	0.76537452204557
16	0	neg	0.9974146	1.0027036	0.9877364	0.9974676	1.0027577	0.9881837	0.986420123114788	0.445215263966077	0.0225013156398579	-0.0108383255435458	0.937652449448611	0.0595067800629492	0.0054210050731205	0.991741909041135	0.0540894595925239
16	0	pos	0.9960083	1.0015051	1.0906141	0.99575	1.0012385	1.0304189	1.09112921325503	0.445215263966077	0.0225013156398579	0.0910509444143692	0.937652449448611	0.0595067800629492	0.0054210050731205	1.09363117899905	0.155978729550439
16	0.9	neg	1.0017575	1.0420563	0.9611155	1.0018861	1.042184	0.9619468	0.960253639077289	0.445215263966077	0.162062700267339	-0.0780615823570836	0.937652449448611	0.0595067800629492	0.0390440601062738	0.95814170726075	0.0204892578121394
16	0.9	pos	0.9975508	1.038625	1.6931611	0.9974367	1.0384365	0.9629656	1.69767649927082	0.445215263966077	0.162062700267339	0.655782184022427	0.937652449448611	0.0595067800629492	0.0390440601062738	1.69198547364026	0.75433302419165
17	0	neg	0.999255	1.0046176	0.9918527	0.9992563	1.0046167	0.9922529	0.992501829637897	0.464113268731853	0.0209946091139933	-0.0101125823875777	0.938037994289031	0.059919597943566	0.00505801013312919	0.992903019978149	0.0548650256891176
17	0	pos	0.9968217	1.0018375	1.082823	0.9964772	1.001487	1.0281585	1.08435511508985	0.464113268731853	0.0209946091139933	0.0849540985973958	0.938037994289031	0.059919597943566	0.00505801013312919	1.08796970096312	0.149931706674091
17	0.9	neg	0.9916459	1.0311316	0.9409846	0.991711	1.0312125	0.941801	0.947227391910341	0.464113268731853	0.158842327265708	-0.0765104085714277	0.938037994289031	0.059919597943566	0.0382682095445291	0.959715393205699	0.0216773989166674
17	0.9	pos	1.0044315	1.0452511	1.6906676	1.0042934	1.0450508	0.97699	1.690004673301	0.464113268731853	0.158842327265708	0.642751034739512	0.938037994289031	0.059919597943566	0.0382682095445291	1.67897683651664	0.740938842227607
18	0	neg	1.0000616	1.0049385	0.9895907	1.0000815	1.0049578	0.9899051	0.989462689460384	0.482367538079311	0.0195887302102794	-0.00943540539592371	0.938410406056824	0.0601549651290152	0.00471930653058401	0.993849272320499	0.0554388662636755
18	0	pos	0.9941147	0.9990765	1.0731472	0.9933916	0.9983431	1.0193995	1.07586566119915	0.482367538079311	0.0195887302102794	0.0792652489334835	0.938410406056824	0.0601549651290152	0.00471930653058401	1.08254992664991	0.144139520593083
18	0.9	neg	1.0039124	1.0432227	0.9724603	1.004	1.0433151	0.9732284	0.971160033797258	0.482367538079311	0.155208998135959	-0.0747603240632439	0.938410406056824	0.0601549651290152	0.0373928698106249	0.96119791693322	0.0227875108763962
18	0.9	pos	1.0039139	1.0429412	1.6763815	1.003072	1.0419583	0.9722275	1.6793913746782	0.482367538079311	0.155208998135959	0.628048870033823	0.938410406056824	0.0601549651290152	0.0373928698106249	1.66400711103029	0.725596704973463
19	0	neg	0.9994667	1.0040925	0.9924288	0.9995324	1.0041589	0.9929714	0.990865675925854	0.499999999999999	0.0182769640341526	-0.0088035601704521	0.938770132112654	0.0602298678873466	0.00440327651663518	0.994599716346183	0.0558295842335296
19	0	pos	0.9971582	1.0017373	1.0794381	0.997134	1.0017106	1.0390068	1.08259884937558	0.499999999999999	0.0182769640341526	0.0739572237895848	0.938770132112654	0.0602298678873466	0.00440327651663518	1.07736050030622	0.138590368193567
19	0.9	neg	1.0008854	1.0387341	0.9668249	1.0009307	1.0387732	0.9676331	0.96828703206026	0.499999999999999	0.151242140342118	-0.0728495870715615	0.938770132112654	0.0602298678873466	0.0364371765272212	0.96258758945566	0.0238174573430063
19	0.9	pos	1.0027075	1.0411294	1.6598058	1.0021353	1.0404608	0.9735584	1.6537188899255	0.499999999999999	0.151242140342118	0.611997090917098	0.938770132112654	0.0602298678873466	0.0364371765272212	1.64743426744432	0.708664135331666
20	0	neg	0.9918598	0.9958989	0.9876955	0.9919383	0.9959772	0.9879616	0.993751203711308	0.517031835537577	0.0170530261185299	-0.00821401963927047	0.939117604578442	0.0601599811426662	0.00410840604079411	0.995171972122632	0.0560543675441899
20	0	pos	0.9958814	1.0001336	1.061276	0.9952771	0.9995222	1.0190126	1.06474664592697	0.517031835537577	0.0170530261185299	0.0690045932454135	0.939117604578442	0.0601599811426662	0.00410840604079411	1.07239058500732	0.133272980428874
20	0.9	neg	0.9989993	1.0358778	0.9603417	0.9990459	1.0359289	0.9610513	0.959519395359396	0.517031835537577	0.147011598276771	-0.070811839907628	0.939117604578442	0.0601599811426662	0.0354179565684705	0.96388370238195	0.0247660978035087
20	0.9	pos	1.0012411	1.0381682	1.6393662	1.0004138	1.0372141	0.97326	1.63796148072404	0.517031835537577	0.147011598276771	0.594878320770511	0.939117604578442	0.0601599811426662	0.0354179565684705	1.62957386306009	0.690456258481647
