t	P	cov	vg_HEreg_noa.mean	vg_HEreg_noa.CI95l	vg_HEreg_noa.CI95r	vg_HEreg_adj.mean	vg_HEreg_adj.CI95l	vg_HEreg_adj.CI95r	exp.vg	va.term1	va.term2	va.term3	va.term4	vg_GRMvarX_ganc.mean	vg_GRMvarX_ganc.CI95l	vg_GRMvarX_ganc.CI95r	vg_GRMvarX_noa.mean	vg_GRMvarX_noa.CI95l	vg_GRMvarX_noa.CI95r	vg_GRMvarX_gcta.mean	vg_GRMvarX_gcta.CI95l	vg_GRMvarX_gcta.CI95r	vg_GRMld_ganc.mean	vg_GRMld_ganc.CI95l	vg_GRMld_ganc.CI95r	vg_GRMld_noa.mean	vg_GRMld_noa.CI95l	vg_GRMld_noa.CI95r
0	0	neg	0.33498175	0.3297085	0.34136056	0.79383851	0.78005644	0.80527302	0.929269789	0.929264401	0.007927055	0.007927055	-0.015848721	0.83170495	0.81681675	0.84595457	0.3746533	0.36674086	0.38101281	0.37449144	0.36699456	0.3808714	0.9254312	0.9138143	0.93505	0.9250208	0.915198	0.9367059
0	0	pos	2.66713975	2.64447323	2.69864606	0.79303062	0.77776719	0.81274684	1.078260945	0.929264401	0.007927055	0.007927055	0.133142434	0.83100938	0.80908468	0.84957754	2.7938595	2.75747774	2.82945146	2.77625511	2.74900521	2.8066485	0.9239419	0.9097354	0.936803	1.0817595	1.0698794	1.0938122
0	0.9	neg	0.33421951	0.32617056	0.34049149	0.79432505	0.78046096	0.8093939	0.929269789	0.929264401	0.007927055	0.007927055	-0.015848721	0.83196681	0.8176374	0.84646031	0.37497436	0.3678184	0.38062749	0.37464815	0.36813844	0.38077521	0.9253344	0.9137961	0.9354963	0.9247502	0.914735	0.9344742
0	0.9	pos	2.66539601	2.63809693	2.68974555	0.79448866	0.77115849	0.81298823	1.078260945	0.929264401	0.007927055	0.007927055	0.133142434	0.82738969	0.80580605	0.85272246	2.79373727	2.76245965	2.81732168	2.77640628	2.74834093	2.80340608	0.9233933	0.9121093	0.9357766	1.082145	1.069573	1.0940041
1	0	neg	0.24909866	0.24610647	0.2519344	0.62308711	0.61710343	0.6306033	0.933771818	0.929935674	0.015053234	0.011224719	-0.022441808	0.67258142	0.66518644	0.67979023	0.28418215	0.28093621	0.28658016	0.28369052	0.28051282	0.28707714	0.9354771	0.9284836	0.9421997	0.9357934	0.928677	0.9426672
1	0	pos	3.25521057	3.17418465	3.32809498	0.62115694	0.61142094	0.62873717	1.144743467	0.929935674	0.015053234	0.011224719	0.188529841	0.67068744	0.66045658	0.68190519	3.45292202	3.38920107	3.52161065	3.44185156	3.35718383	3.5140704	0.9324622	0.9235187	0.9431326	1.1551235	1.1470491	1.164419
1	0.9	neg	0.16427973	0.16048393	0.16855968	0.55590581	0.54559285	0.56574898	0.930328497	0.929935674	0.015053234	0.014670382	-0.029330793	0.61860964	0.60822659	0.62815358	0.19727245	0.19257278	0.20437148	0.19660345	0.19279641	0.20268343	0.9253491	0.9174631	0.9335442	0.9243628	0.9145129	0.9362489
1	0.9	pos	3.64158455	3.58626229	3.68972968	0.55275456	0.54081912	0.56540894	1.206062332	0.929935674	0.015053234	0.014670382	0.246403043	0.61426616	0.60039854	0.62606618	3.97026261	3.90862615	4.02191276	3.962057	3.89874512	4.02549113	0.924453	0.9108991	0.9373358	1.2198857	1.2099049	1.2302822
10	0	neg	0.580371	0.57200814	0.5894803	0.61560946	0.60543057	0.62371564	0.97899085	0.935036274	0.052159941	0.008210946	-0.016416311	0.63650761	0.62686956	0.64598542	0.60280406	0.5934373	0.61348083	0.60215338	0.59324744	0.6117642	0.9941516	0.9841182	1.0033516	0.9945122	0.98576	1.0038344
10	0	pos	3.12958536	3.06147125	3.18789332	0.59112029	0.57875651	0.60390113	1.133317823	0.935036274	0.052159941	0.008210946	0.137910662	0.61071587	0.59736924	0.62229652	3.17324443	3.11403835	3.25413983	3.1697295	3.10606268	3.24303017	0.9664204	0.9562243	0.9759817	1.130422	1.118113	1.1431065
10	0.9	neg	0.05045272	0.04927885	0.05173056	0.08774007	0.08632855	0.08931383	0.947048986	0.935036274	0.052159941	0.040174535	-0.080321765	0.11315319	0.11192327	0.11512269	0.06559169	0.06414589	0.06686181	0.06546078	0.064286	0.06707243	0.9447687	0.9404076	0.9517459	0.944781	0.9393734	0.9504934
10	0.9	pos	5.56150468	5.46442421	5.64582957	0.0842647	0.08283759	0.08612722	1.702140343	0.935036274	0.052159941	0.040174535	0.674769593	0.10884636	0.10642405	0.11090623	6.4069302	6.320971	6.47181218	6.40117096	6.30263227	6.48520226	0.9256589	0.9159545	0.9365151	1.6937744	1.677402	1.7118222
11	0	neg	0.60319037	0.58990442	0.61792223	0.62738794	0.61379051	0.64273352	0.981933701	0.935510935	0.054081283	0.007663727	-0.015322246	0.64487686	0.6290334	0.65867522	0.62146259	0.60880777	0.63655128	0.62107643	0.60674541	0.63689041	0.9799112	0.9681776	0.9926012	0.9793424	0.9678929	0.9938933
11	0	pos	2.85203985	2.78162775	2.93336041	0.63185042	0.62469356	0.63755127	1.125975547	0.935510935	0.054081283	0.007663727	0.128719601	0.65027306	0.64246493	0.65542051	2.88967935	2.82627033	2.96014285	2.88164078	2.81909271	2.93774102	0.977882	0.9737416	0.9818279	1.122282	1.1167769	1.1271297
11	0.9	neg	0.0509071	0.04986839	0.05197402	0.08318112	0.08210709	0.08419979	0.949055947	0.935510935	0.054081283	0.040563843	-0.081100115	0.10713812	0.10576755	0.10851977	0.06583737	0.06477811	0.06717308	0.06582378	0.06474026	0.06684323	0.9421898	0.9356049	0.9497864	0.9418113	0.9362439	0.9479356
11	0.9	pos	5.66688711	5.58098287	5.76275884	0.08368835	0.08240389	0.08490628	1.711464444	0.935510935	0.054081283	0.040563843	0.681308383	0.10769063	0.10622456	0.1092654	6.52730189	6.425197	6.6431614	6.51787133	6.4253174	6.62112936	0.9508498	0.9426832	0.9590722	1.7294455	1.714474	1.7427677
12	0	neg	0.63241837	0.62268468	0.6456042	0.65173117	0.64044865	0.66598574	0.984512029	0.935969428	0.055689527	0.007151787	-0.014298714	0.66889735	0.65726351	0.68225494	0.65131382	0.64000101	0.66308148	0.65117488	0.63960998	0.66270309	0.9743019	0.963285	0.9851918	0.9740464	0.9637853	0.9875205
12	0	pos	2.81441479	2.70860632	2.93052408	0.67045004	0.65933368	0.68331764	1.118931823	0.935969428	0.055689527	0.007151787	0.12012108	0.69009691	0.67468048	0.70116646	2.84566317	2.75138052	2.93303938	2.84954918	2.734382	2.9603459	0.9880262	0.9798825	0.9952095	1.1284704	1.1127811	1.1404871
12	0.9	neg	0.05119855	0.05046381	0.05204068	0.08074686	0.07991644	0.08157085	0.951013165	0.935969428	0.055689527	0.040673436	-0.081319226	0.10373994	0.10262645	0.10482901	0.06598425	0.06509293	0.06719484	0.06608272	0.06520463	0.06717381	0.9480796	0.9415498	0.9561918	0.9482239	0.9409272	0.95521
12	0.9	pos	5.72285339	5.64869814	5.8107862	0.0794458	0.0782753	0.0809082	1.715481494	0.935969428	0.055689527	0.040673436	0.683149103	0.10196801	0.10000369	0.10400514	6.58748856	6.50015158	6.71321396	6.58433944	6.47778866	6.6950398	0.9385074	0.9235102	0.9540265	1.7195797	1.6995192	1.738873
13	0	neg	0.67791057	0.66388936	0.69251708	0.69227122	0.68185356	0.70309446	0.986755291	0.936412303	0.057011922	0.00667347	-0.013342404	0.70920287	0.69695225	0.72216793	0.69463939	0.68501948	0.7052834	0.69514089	0.68576263	0.70675031	0.9889624	0.979808	0.9957674	0.9900087	0.9824647	0.9997364
13	0	pos	2.62787997	2.56221386	2.69464553	0.6871576	0.67482425	0.69779063	1.112184984	0.936412303	0.057011922	0.00667347	0.112087288	0.70249216	0.68962031	0.71600035	2.66044502	2.60468958	2.73386492	2.65350124	2.58041876	2.73028049	0.9748043	0.9632197	0.9874347	1.1057407	1.0908968	1.1194743
13	0.9	neg	0.05216444	0.05105141	0.05357133	0.07872783	0.07736894	0.08007314	0.952908845	0.936412303	0.057011922	0.040542936	-0.081058316	0.100764	0.09901471	0.10288908	0.06722877	0.06570224	0.06885755	0.06703313	0.06554396	0.06843883	0.9524823	0.945635	0.9600072	0.9522156	0.9452848	0.9615308
13	0.9	pos	5.76218054	5.68065063	5.85266462	0.07873343	0.07736704	0.08027518	1.714924402	0.936412303	0.057011922	0.040542936	0.68095724	0.10084411	0.09936215	0.10294318	6.6152856	6.51949431	6.70462334	6.60365316	6.49712604	6.73854997	0.9508602	0.9424895	0.961043	1.727154	1.7141966	1.7428073
14	0	neg	0.70901337	0.69369326	0.72372671	0.71882683	0.70284292	0.73522298	0.988691137	0.936840092	0.058073679	0.006226866	-0.012449499	0.73664882	0.71867151	0.7557619	0.7246489	0.70538444	0.74011353	0.72344371	0.70408497	0.74236584	0.9864925	0.968817	1.0028646	0.9868009	0.9753802	1.0006
14	0	pos	2.46124112	2.39157489	2.5213248	0.73501033	0.72815898	0.74047932	1.105726776	0.936840092	0.058073679	0.006226866	0.10458614	0.75040046	0.74260375	0.75893307	2.48674771	2.42830999	2.55432943	2.48322788	2.41959471	2.53925717	0.9946553	0.9902005	0.999197	1.1142807	1.1068885	1.1209315
14	0.9	neg	0.05417174	0.05331728	0.05509737	0.07809904	0.07688309	0.07949202	0.954733507	0.936840092	0.058073679	0.040207592	-0.080387856	0.09977686	0.09794719	0.10159192	0.06920168	0.06778384	0.07023117	0.06916343	0.06810816	0.07033324	0.9552419	0.9478013	0.9636859	0.9560487	0.9476569	0.968562
14	0.9	pos	5.85958623	5.75841788	5.96720806	0.07829274	0.0764319	0.0798577	1.710446181	0.936840092	0.058073679	0.040207592	0.675324818	0.09972955	0.09734825	0.10161406	6.68976479	6.59064853	6.81732636	6.69309247	6.57916541	6.80976987	0.9495323	0.9363609	0.9630474	1.7247017	1.7031645	1.7442299
15	0	neg	0.72730031	0.716881	0.7364604	0.73569975	0.72087002	0.74602603	0.990345356	0.937253308	0.058898113	0.005810015	-0.011616081	0.74945901	0.73759008	0.76005424	0.74139646	0.73261935	0.75161297	0.74111622	0.72839461	0.74971342	0.9838518	0.9743181	0.9927084	0.9838381	0.9738791	0.9927227
15	0	pos	2.36842284	2.35018108	2.39176338	0.75132796	0.74149205	0.76152402	1.099546172	0.937253308	0.058898113	0.005810015	0.097584735	0.76548562	0.75614343	0.77567659	2.38798144	2.37011939	2.41175498	2.38388922	2.36427971	2.40369472	0.9883091	0.9819447	0.9960867	1.1034763	1.0975537	1.1102962
15	0.9	neg	0.05594928	0.05449705	0.05751423	0.07790511	0.07639581	0.07953602	0.956479692	0.937253308	0.058898113	0.039698713	-0.079370442	0.09894759	0.09662378	0.1008991	0.07132386	0.06979529	0.07323423	0.07108378	0.06902755	0.07284153	0.9538345	0.9419877	0.964672	0.9546053	0.9447332	0.9650628
15	0.9	pos	5.84359771	5.77035652	5.92834547	0.07643107	0.07427174	0.07833989	1.70262783	0.937253308	0.058898113	0.039698713	0.666777696	0.09720076	0.09442177	0.10003774	6.66472591	6.56959042	6.76635711	6.6570281	6.55898404	6.76776048	0.9412414	0.9236861	0.9592033	1.7026953	1.6781891	1.7275886
16	0	neg	0.75525584	0.74524648	0.76556374	0.7618852	0.75031432	0.77320887	0.991741909	0.937652449	0.05950678	0.005421005	-0.010838326	0.77498894	0.76371785	0.7885914	0.76829431	0.75540982	0.77935716	0.76834024	0.75458508	0.78100645	0.9869878	0.9788473	0.9961882	0.986782	0.9782449	0.994515
16	0	pos	2.19679027	2.15218062	2.25066749	0.76776679	0.753912	0.78537125	1.093631179	0.937652449	0.05950678	0.005421005	0.091050944	0.78086001	0.7633581	0.79686169	2.21026215	2.16906133	2.2720529	2.21276108	2.16829689	2.2585146	0.986305	0.9723512	0.9996809	1.0885065	1.0737616	1.1031685
16	0.9	neg	0.05793813	0.05579877	0.05983855	0.07903498	0.07714498	0.08066568	0.958141707	0.937652449	0.05950678	0.03904406	-0.078061582	0.09992045	0.0974729	0.10221604	0.07346691	0.07123254	0.07603404	0.07345693	0.07188876	0.07506209	0.9621737	0.9492901	0.9752926	0.9599942	0.947314	0.9724877
16	0.9	pos	5.78989047	5.69402382	5.90491295	0.07832021	0.07684563	0.07979486	1.691985474	0.937652449	0.05950678	0.03904406	0.655782184	0.09882395	0.09738192	0.10069825	6.58615111	6.4877789	6.7325311	6.58184772	6.48974579	6.70112781	0.950517	0.934562	0.965768	1.6936509	1.6799653	1.707991
17	0	neg	0.78213281	0.77281655	0.79210346	0.78678106	0.77715457	0.79769184	0.99290302	0.938037994	0.059919598	0.00505801	-0.010112582	0.79825179	0.78786883	0.80875093	0.79337742	0.78196249	0.80360829	0.79287085	0.78282102	0.80410345	0.991147	0.9830926	0.998479	0.9913208	0.9823432	1.0013348
17	0	pos	2.08416721	2.02045275	2.14823123	0.78591532	0.77674629	0.79684021	1.087969701	0.938037994	0.059919598	0.00505801	0.084954099	0.79947305	0.79065644	0.81169672	2.09730418	2.04845098	2.14867251	2.09529235	2.04844351	2.15182122	0.9837558	0.9768296	0.9909133	1.0828033	1.0722059	1.093842
17	0.9	neg	0.05818401	0.05658387	0.05954426	0.07748111	0.07558834	0.07921459	0.959715393	0.938037994	0.059919598	0.03826821	-0.076510409	0.09733949	0.09519621	0.09922011	0.07348427	0.0717832	0.0754081	0.07351477	0.07151932	0.07509941	0.9402158	0.9310389	0.9514275	0.9402537	0.9310159	0.949719
17	0.9	pos	5.76807276	5.70174719	5.81718574	0.08099115	0.07997949	0.08230033	1.678976837	0.938037994	0.059919598	0.03826821	0.642751035	0.10194957	0.10040286	0.10373999	6.5427994	6.48288594	6.60220392	6.54646248	6.48314003	6.60095903	0.96356	0.9534803	0.9721851	1.6896817	1.6811976	1.6974648
18	0	neg	0.79940119	0.78715765	0.80978374	0.80246786	0.79203603	0.81552584	0.993849272	0.938410406	0.060154965	0.004719307	-0.009435405	0.81431299	0.80272479	0.82567052	0.80975749	0.79778099	0.82279174	0.80996357	0.79814098	0.82467363	0.9885915	0.9803759	0.9994851	0.9896967	0.9804853	0.9986122
18	0	pos	1.99732584	1.93565208	2.05523659	0.80060024	0.78818702	0.81827638	1.082549927	0.938410406	0.060154965	0.004719307	0.079265249	0.81130353	0.79404216	0.82330188	2.00279675	1.94483794	2.06042814	2.00141359	1.92651051	2.05791485	0.9776266	0.9701984	0.9861076	1.0718494	1.0624795	1.082656
18	0.9	neg	0.06553022	0.06365713	0.06794592	0.08367098	0.08252286	0.08521526	0.961197917	0.938410406	0.060154965	0.03739287	-0.074760324	0.10462073	0.10310999	0.10695382	0.0822491	0.08010432	0.0847975	0.08169968	0.07973659	0.08424733	0.9721776	0.962945	0.9840784	0.972212	0.9622954	0.9811764
18	0.9	pos	5.80483667	5.7151116	5.86771186	0.08167803	0.08019424	0.0828629	1.664007111	0.938410406	0.060154965	0.03739287	0.62804887	0.10228551	0.10082778	0.10389104	6.56643565	6.46856882	6.63200554	6.57474018	6.48265384	6.64634063	0.9601757	0.9509577	0.9702045	1.6746874	1.6539383	1.6914631
19	0	neg	0.82307137	0.80730678	0.83950878	0.8293231	0.81116404	0.84790524	0.994599716	0.938770132	0.060229868	0.004403277	-0.00880356	0.83848307	0.82416295	0.86293597	0.83629483	0.82094534	0.85717094	0.83518747	0.81718023	0.85371456	0.9912623	0.9811919	1.0024661	0.9928395	0.9818625	1.0033732
19	0	pos	1.85832028	1.81259424	1.90639247	0.84501381	0.83346506	0.85871629	1.0773605	0.938770132	0.060229868	0.004403277	0.073957224	0.85601057	0.84063563	0.87337076	1.86197797	1.81832946	1.90391406	1.86023093	1.82052435	1.89571523	0.9957154	0.9869454	1.0072181	1.079364	1.0707266	1.0876709
19	0.9	neg	0.06732188	0.06602758	0.06886725	0.08498022	0.08374683	0.0861454	0.962587589	0.938770132	0.060229868	0.036437177	-0.072849587	0.10597634	0.10451123	0.10753114	0.0841777	0.08286034	0.08593012	0.08401353	0.08235093	0.0852821	0.966405	0.9590495	0.9753757	0.9667944	0.9593879	0.9740637
19	0.9	pos	5.81948	5.7556911	5.90157418	0.08446034	0.08284252	0.08663513	1.647434267	0.938770132	0.060229868	0.036437177	0.611997091	0.1050651	0.10303975	0.10751378	6.55954423	6.49596992	6.61710104	6.55908293	6.4862449	6.62192706	0.9592144	0.9448334	0.9734701	1.6583014	1.6459199	1.6723815
2	0	neg	0.24729482	0.24330986	0.25146406	0.51804487	0.51195396	0.52571074	0.939711739	0.93058408	0.021441367	0.012322084	-0.024635792	0.56435685	0.55724763	0.57119282	0.27925668	0.27518127	0.28368464	0.27872677	0.27450031	0.28344082	0.9407049	0.9337908	0.9469092	0.940352	0.9327558	0.9477628
2	0	pos	3.61332726	3.52092277	3.70463627	0.5074347	0.49784644	0.51818931	1.171308664	0.93058408	0.021441367	0.012322084	0.206961133	0.55272195	0.54244815	0.56525057	3.82201617	3.74114438	3.91567753	3.80790686	3.73387333	3.91542615	0.9277169	0.9132225	0.9408297	1.1785757	1.1642624	1.1903851
2	0.9	neg	0.10990043	0.10861214	0.11155537	0.3777883	0.3707	0.38401075	0.931676264	0.93058408	0.021441367	0.020363024	-0.040712208	0.44273647	0.43682126	0.44938457	0.13636613	0.13483501	0.13822734	0.13626021	0.13465472	0.13840352	0.9348678	0.9267918	0.9449567	0.9346905	0.9257891	0.9454263
2	0.9	pos	4.16024791	4.09171367	4.23830989	0.36419681	0.35531263	0.3726724	1.314404861	0.93058408	0.021441367	0.020363024	0.342016389	0.42702318	0.4181733	0.43924851	4.63793102	4.55250673	4.71656571	4.63326409	4.54257641	4.72852428	0.9202797	0.9078499	0.9314893	1.3259964	1.3084346	1.3407661
20	0	neg	0.84382487	0.83229035	0.85533406	0.84443136	0.82871549	0.85961192	0.995171972	0.939117605	0.060159981	0.004108406	-0.00821402	0.85418202	0.8391915	0.86583174	0.853403	0.84130229	0.86556028	0.85320302	0.84261185	0.86377741	0.986926	0.9780637	0.9957742	0.98777	0.977926	0.9986193
20	0	pos	1.79138578	1.74074099	1.84364866	0.83525906	0.82671786	0.84544296	1.072390585	0.939117605	0.060159981	0.004108406	0.069004593	0.84362706	0.83488529	0.85383521	1.79606941	1.75092027	1.83327725	1.7920306	1.7394447	1.83821236	0.9784438	0.9706762	0.9873652	1.0597832	1.0486784	1.0678668
20	0.9	neg	0.07051502	0.06864705	0.07312035	0.08617827	0.08421022	0.08851308	0.963883702	0.939117605	0.060159981	0.035417957	-0.07081184	0.10654621	0.10411504	0.10923505	0.08706409	0.08455611	0.09001019	0.08708031	0.08471969	0.09026549	0.9594852	0.9472281	0.972058	0.9595918	0.9468678	0.9731973
20	0.9	pos	5.76124896	5.60885309	5.8947507	0.08647358	0.085604	0.08753853	1.629573863	0.939117605	0.060159981	0.035417957	0.594878321	0.10711397	0.1061229	0.10829463	6.49366231	6.36546546	6.62541163	6.48274311	6.38051501	6.58050234	0.9594037	0.9525737	0.9665474	1.6350146	1.6205822	1.6482642
3	0	neg	0.27556035	0.26961447	0.28219901	0.47434521	0.46551818	0.48539955	0.945978642	0.9312104	0.027149765	0.012389943	-0.024771465	0.51636761	0.5075405	0.52415109	0.30617654	0.30046392	0.31438578	0.30609278	0.2995763	0.3123234	0.9520112	0.9430862	0.9630032	0.9522869	0.9431908	0.9619296
3	0	pos	3.8744397	3.80522748	3.95199729	0.46454359	0.44861503	0.47868094	1.178851007	0.9312104	0.027149765	0.012389943	0.2081009	0.50503161	0.48890749	0.5183574	4.07240167	3.9897989	4.15531888	4.05884182	3.97484483	4.14849262	0.939416	0.9252349	0.9491667	1.1986072	1.1842085	1.2132665
3	0.9	neg	0.08309959	0.08209458	0.08436357	0.26383931	0.26023187	0.2673564	0.933252557	0.9312104	0.027149765	0.025124685	-0.050232292	0.32032447	0.31581235	0.32593619	0.10510377	0.10399878	0.10635533	0.10503422	0.10384056	0.10634106	0.9235297	0.9148437	0.9305299	0.9233478	0.9138132	0.9317466
3	0.9	pos	4.50981269	4.43498512	4.57366084	0.25461505	0.25039847	0.25880637	1.405477863	0.9312104	0.027149765	0.025124685	0.421993014	0.31033769	0.30562058	0.31693778	5.10266891	5.03610544	5.17796405	5.08997799	5.01150283	5.17101828	0.9289631	0.9221447	0.9362918	1.4289345	1.4197731	1.4387955
4	0	neg	0.30687832	0.30226082	0.31181327	0.45345055	0.44556878	0.46092786	0.952064531	0.931815384	0.032232528	0.011991532	-0.023974914	0.48912851	0.48254618	0.49567395	0.33540114	0.33051373	0.3413621	0.33522705	0.33037854	0.3407493	0.9499762	0.9387105	0.9596657	0.9501059	0.9399224	0.9602566
4	0	pos	3.71554462	3.65439633	3.76976537	0.44745412	0.44208841	0.45439292	1.177448651	0.931815384	0.032232528	0.011991532	0.201409206	0.48249298	0.47520011	0.48961072	3.86836402	3.80423745	3.92804501	3.86329725	3.79686766	3.94448113	0.9429238	0.9371293	0.9491231	1.1784922	1.171557	1.1842943
4	0.9	neg	0.06948021	0.06870191	0.07035228	0.19863748	0.19654753	0.20148327	0.935004679	0.931815384	0.032232528	0.029062987	-0.058106221	0.24688577	0.24371632	0.25035839	0.08923567	0.08833828	0.09025029	0.08914335	0.08830291	0.09013827	0.9330918	0.9262067	0.9408562	0.9325376	0.9265092	0.939906
4	0.9	pos	4.7427613	4.69163222	4.81366757	0.19324009	0.19012663	0.19649361	1.48125146	0.931815384	0.032232528	0.029062987	0.488140561	0.24102577	0.23746121	0.24486	5.40990617	5.33682937	5.47236958	5.41125204	5.3428009	5.47351608	0.9310224	0.9223786	0.9417723	1.499319	1.490999	1.5114934
5	0	neg	0.34503232	0.34068755	0.35025317	0.45667229	0.45092364	0.46178375	0.957750549	0.932399761	0.036739844	0.011396802	-0.022785858	0.48822413	0.48220627	0.49541496	0.3724929	0.36770017	0.37683402	0.37252748	0.36775705	0.37684114	0.9533451	0.9476531	0.9581594	0.9542985	0.9482124	0.9600185
5	0	pos	3.7390058	3.63474498	3.82863335	0.46768221	0.45791948	0.47726917	1.17195656	0.932399761	0.036739844	0.011396802	0.191420153	0.50153017	0.49010395	0.50920722	3.86896932	3.74378596	3.96779475	3.86676079	3.7632975	3.99676637	0.9613885	0.9499752	0.9701599	1.186995	1.1768618	1.1952604
5	0.9	neg	0.06265387	0.06187027	0.06339596	0.15912805	0.1571706	0.16115849	0.936886922	0.932399761	0.036739844	0.03227462	-0.064527303	0.20102388	0.19876136	0.20329726	0.08093371	0.07982191	0.08167478	0.08099739	0.08001147	0.08183038	0.9372386	0.930721	0.9440327	0.9368178	0.9292776	0.9424957
5	0.9	pos	4.93733554	4.89585612	4.99282498	0.15334516	0.14967862	0.15710419	1.543497209	0.932399761	0.036739844	0.03227462	0.542082984	0.19481288	0.19059269	0.199156	5.66299913	5.59215101	5.72839164	5.65144509	5.59439714	5.70407616	0.9315118	0.9180777	0.9440808	1.5572118	1.5425434	1.5733049
6	0	neg	0.38194666	0.37521603	0.38836139	0.46909693	0.46105965	0.47562179	0.962955585	0.932964232	0.040718256	0.010734198	-0.021461101	0.49678917	0.4876712	0.50506827	0.40832836	0.40071145	0.41717431	0.40744201	0.40002538	0.41663243	0.9497707	0.9408386	0.9572271	0.9494554	0.9408821	0.958046
6	0	pos	3.61443782	3.54464846	3.69887033	0.47688389	0.47017846	0.48263414	1.164707774	0.932964232	0.040718256	0.010734198	0.180291088	0.50617449	0.50078657	0.51161123	3.72597564	3.659236	3.80185438	3.70834521	3.64167472	3.79163691	0.9605903	0.9522042	0.9712867	1.1712062	1.1619136	1.1790657
6	0.9	neg	0.05737934	0.05620263	0.05863122	0.13246481	0.13025854	0.13538676	0.9388598	0.932964232	0.040718256	0.034846372	-0.069669059	0.16848184	0.16543134	0.17275455	0.07460801	0.07293357	0.07654564	0.07462335	0.07289338	0.07616237	0.9380583	0.9297304	0.9476197	0.9380284	0.9286716	0.9463991
6	0.9	pos	5.21085985	5.15174674	5.27360767	0.12878873	0.12572423	0.13156055	1.593806873	0.932964232	0.040718256	0.034846372	0.585278013	0.16473808	0.16172547	0.16750988	5.98652046	5.92775669	6.0605173	5.99169401	5.93173427	6.05792858	0.9356167	0.9246308	0.9464806	1.6210191	1.6069802	1.6380897
7	0	neg	0.42918152	0.42228949	0.43689681	0.49656422	0.48905049	0.50366341	0.967663281	0.933509475	0.044210917	0.010063951	-0.020121061	0.52349836	0.51491101	0.53144022	0.45372976	0.44611215	0.46113446	0.45376084	0.44690791	0.46064082	0.9645512	0.9573374	0.9716255	0.9643783	0.9559361	0.9721551
7	0	pos	3.49271551	3.39846877	3.57947512	0.502725	0.49096428	0.51288724	1.15681798	0.933509475	0.044210917	0.010063951	0.169033638	0.52882674	0.51657094	0.54017658	3.56962898	3.50167564	3.65240291	3.56043211	3.45886022	3.64244803	0.9613224	0.9491543	0.974591	1.1546804	1.1450803	1.1645665
7	0.9	neg	0.05360568	0.05228223	0.05491846	0.11273369	0.11081618	0.11464727	0.94088936	0.933509475	0.044210917	0.036856082	-0.073687114	0.14466492	0.14267113	0.14716213	0.06972074	0.06815891	0.0712276	0.06952243	0.06788708	0.07162932	0.9326293	0.9243832	0.9435698	0.9327001	0.9228136	0.9430084
7	0.9	pos	5.32167591	5.23832037	5.40477545	0.11105485	0.10857045	0.11353074	1.633609487	0.933509475	0.044210917	0.036856082	0.619033013	0.14300409	0.13938009	0.14641873	6.14420968	6.04440336	6.24127042	6.1385885	6.04051329	6.24329822	0.935673	0.9214988	0.9458073	1.655795	1.648356	1.6634836
8	0	neg	0.48235142	0.47257813	0.49175112	0.53788637	0.52880204	0.54655077	0.971886906	0.934036144	0.047257828	0.009413465	-0.018820532	0.5634504	0.55384112	0.57449357	0.50631742	0.49861536	0.51537725	0.50629977	0.49616281	0.51549834	0.9785972	0.9680094	0.9888556	0.9802927	0.9684323	0.9920277
8	0	pos	3.50388103	3.42069069	3.58186837	0.52418576	0.51528076	0.5347215	1.148815551	0.934036144	0.047257828	0.009413465	0.158108114	0.54795008	0.53883129	0.56036402	3.57624389	3.49592759	3.64896749	3.56379272	3.49937787	3.63390588	0.9585014	0.950231	0.9677524	1.1503036	1.1397491	1.1608131
8	0.9	neg	0.05181774	0.05097012	0.05267087	0.10218462	0.10109152	0.10328776	0.94294656	0.934036144	0.047257828	0.038373495	-0.076720907	0.13158813	0.1302407	0.13320941	0.06756899	0.06660973	0.06854349	0.06735151	0.06640672	0.06847696	0.9424002	0.9332159	0.9515546	0.9420792	0.933529	0.9510233
8	0.9	pos	5.45290032	5.33988538	5.53868629	0.09976615	0.09882124	0.1007452	1.664186867	0.934036144	0.047257828	0.038373495	0.6445194	0.12867543	0.12766459	0.12962931	6.29368084	6.16311711	6.43623636	6.28847873	6.16757765	6.4154774	0.939623	0.9329173	0.9488038	1.6885527	1.6714564	1.7029859
9	0	neg	0.51830195	0.5108279	0.5274042	0.55864762	0.54809645	0.56726124	0.9756525	0.934544874	0.049896056	0.008794407	-0.017582837	0.58081075	0.57226701	0.59107593	0.54005557	0.53069778	0.54684488	0.53944835	0.53114246	0.54721435	0.9727553	0.9635952	0.9847074	0.9730044	0.9640532	0.9840135
9	0	pos	3.24824302	3.16317898	3.34681274	0.56613833	0.55763552	0.57321178	1.140945787	0.934544874	0.049896056	0.008794407	0.147710449	0.5889337	0.57977613	0.5973025	3.30567666	3.23150068	3.39913666	3.30816932	3.22766568	3.40026122	0.9696133	0.9634382	0.9740201	1.1437289	1.134732	1.1529708
9	0.9	neg	0.05160465	0.05061163	0.05261177	0.09353453	0.0918923	0.09539271	0.945006713	0.934544874	0.049896056	0.039461038	-0.078895256	0.12040432	0.11857526	0.12300804	0.06697302	0.0657619	0.06816504	0.06695405	0.06577791	0.06812138	0.9446232	0.9339033	0.9546772	0.9444968	0.9353772	0.9555877
9	0.9	pos	5.53508839	5.44919425	5.63410992	0.092652	0.09073892	0.09430786	1.686687701	0.934544874	0.049896056	0.039461038	0.662785732	0.11953658	0.11669819	0.12171357	6.39237086	6.30867195	6.48882686	6.40417112	6.29423053	6.50219315	0.9447614	0.9296334	0.9554086	1.7100868	1.6902406	1.7293138
