t	P	cov	vg_HEreg_noa.mean	vg_HEreg_noa.CI95l	vg_HEreg_noa.CI95r	vg_HEreg_adj.mean	vg_HEreg_adj.CI95l	vg_HEreg_adj.CI95r	exp.vg	va.term1	va.term2	va.term3	va.term4	vg_GRMvarX_ganc.mean	vg_GRMvarX_ganc.CI95l	vg_GRMvarX_ganc.CI95r	vg_GRMvarX_noa.mean	vg_GRMvarX_noa.CI95l	vg_GRMvarX_noa.CI95r	vg_GRMvarX_gcta.mean	vg_GRMvarX_gcta.CI95l	vg_GRMvarX_gcta.CI95r	vg_GRMld_ganc.mean	vg_GRMld_ganc.CI95l	vg_GRMld_ganc.CI95r	vg_GRMld_noa.mean	vg_GRMld_noa.CI95l	vg_GRMld_noa.CI95r
0	0	neg	0.02532406	0.02474459	0.02595435	0.03692375	0.03601011	0.03805221	0.93881107	0.938770132	0.060229868	0.060229868	-0.120418798	0.05237099	0.05127128	0.05368937	0.03597314	0.03507839	0.03685841	0.03595334	0.03510674	0.03680995	0.9415004	0.9282941	0.9583279	0.9427203	0.9310698	0.9583382
0	0	pos	6.00887088	5.95114635	6.06580055	0.03620956	0.03520328	0.03724707	2.070847876	0.938770132	0.060229868	0.060229868	1.011618008	0.05129161	0.04994867	0.0525992	7.29603342	7.22490139	7.3745084	7.29467926	7.21747526	7.380688	0.9299205	0.9131098	0.9450892	2.0660927	2.0503219	2.0817828
0	0.9	neg	0.02527206	0.02466734	0.02617232	0.03681073	0.03602947	0.03784405	0.93881107	0.938770132	0.060229868	0.060229868	-0.120418798	0.05244559	0.05140672	0.05377473	0.03610571	0.03524028	0.0368823	0.03603688	0.03523283	0.03712559	0.9403691	0.9301412	0.953329	0.9414872	0.9324463	0.9517894
0	0.9	pos	6.00970431	5.95384948	6.0917445	0.03613239	0.0348456	0.03722028	2.070847876	0.938770132	0.060229868	0.060229868	1.011618008	0.05135901	0.04993036	0.05244473	7.29825813	7.22495461	7.35300948	7.2915415	7.21769412	7.37078449	0.9297935	0.912028	0.9450304	2.0645933	2.0497358	2.0806406
1	0	neg	0.09885841	0.09697666	0.10149958	0.11828434	0.11562833	0.12039872	0.968905535	0.938770132	0.060229868	0.030114934	-0.060209399	0.14077534	0.13762978	0.14344522	0.118023	0.11539886	0.12216427	0.11801354	0.11385382	0.12092683	0.9647447	0.9534475	0.9731227	0.9650265	0.95442	0.9757786
1	0	pos	5.7023418	5.59495708	5.80388827	0.11316972	0.11118089	0.11493661	1.534923938	0.938770132	0.060229868	0.030114934	0.505809004	0.13539378	0.13335797	0.13740517	6.27522681	6.18415301	6.40162457	6.28490738	6.18100911	6.40091358	0.9502031	0.941952	0.9586639	1.531409	1.5195666	1.5434351
1	0.9	neg	0.02804988	0.02740086	0.02903215	0.0398562	0.03917482	0.0405464	0.941820516	0.938770132	0.060229868	0.057218374	-0.114397858	0.05573729	0.05503254	0.05649265	0.0394367	0.03838315	0.04080974	0.03931799	0.03837891	0.04103563	0.9419985	0.9349953	0.9489947	0.942146	0.9350691	0.9485679
1	0.9	pos	6.02466377	5.96505086	6.09702445	0.03934526	0.03866405	0.03998449	2.017255482	0.938770132	0.060229868	0.057218374	0.961037108	0.05510609	0.05426059	0.05589377	7.25383154	7.16623612	7.34114446	7.24187041	7.15213567	7.32922251	0.9362101	0.9228993	0.945747	2.0229003	2.0020038	2.0361089
10	0	neg	0.97677484	0.95704843	0.99470904	0.97596721	0.9534372	0.99482645	0.998941222	0.938770132	0.060229868	5.88e-05	-0.000117596	0.97647249	0.95950671	0.99732242	0.97772756	0.9573245	0.99724362	0.97849501	0.9576133	1.00010728	0.9878628	0.9749018	0.9989722	0.9885914	0.9766146	0.9997934
10	0	pos	1.00669698	0.99492772	1.0236919	1.00352846	0.99234784	1.02110868	1.000046726	0.938770132	0.060229868	5.88e-05	0.000987908	1.00279911	0.99291016	1.01589915	1.00865425	0.99799699	1.02301126	1.00697257	0.99667295	1.02161556	0.9967101	0.9911347	1.0042727	1.0001006	0.99239	1.0081397
10	0.9	neg	0.06928571	0.06764198	0.0707078	0.08594373	0.08472545	0.08744919	0.962962664	0.938770132	0.060229868	0.036061847	-0.072099183	0.10653592	0.10500213	0.10811019	0.08612553	0.08412879	0.08814734	0.08603047	0.08417784	0.08805293	0.9560649	0.9478285	0.9644526	0.9572779	0.947959	0.9671101
10	0.9	pos	5.69133987	5.57649572	5.82465116	0.08545178	0.08368074	0.08785546	1.640754917	0.938770132	0.060229868	0.036061847	0.60569307	0.10609648	0.10411459	0.10868228	6.41340501	6.27777702	6.56019203	6.40513454	6.2825929	6.53231584	0.9483273	0.93546	0.9617174	1.619156	1.6023945	1.638988
11	0	neg	0.99627487	0.97899352	1.01559327	0.99308054	0.97519725	1.01437644	0.998970611	0.938770132	0.060229868	2.94e-05	-5.88e-05	0.99575429	0.97565227	1.01607354	0.9954556	0.97553514	1.01582104	0.99572566	0.97259255	1.01501417	0.9954535	0.9829712	1.0077984	0.995296	0.9835074	1.0078565
11	0	pos	1.01092165	0.99171028	1.03847581	1.0092519	0.98903408	1.03545635	0.999523363	0.938770132	0.060229868	2.94e-05	0.000493954	1.01073314	0.98916067	1.03855109	1.01520702	0.99478506	1.03812831	1.01069994	0.98992015	1.03196907	0.9997728	0.983136	1.0124038	1.0023929	0.9912734	1.0182543
11	0.9	neg	0.07695771	0.07569765	0.07824872	0.09547865	0.09325586	0.09746907	0.964764531	0.938770132	0.060229868	0.034258754	-0.068494223	0.11738756	0.1152019	0.119263	0.09438681	0.0920683	0.09631854	0.09441847	0.09199256	0.0961206	0.9733762	0.9612833	0.9841366	0.9716374	0.9618107	0.981021
11	0.9	pos	5.70823852	5.59961434	5.85087416	0.09276704	0.0912418	0.09413249	1.608667171	0.938770132	0.060229868	0.034258754	0.575408416	0.11380853	0.11168988	0.1153332	6.38894863	6.29365743	6.50508057	6.3864401	6.24664694	6.50128343	0.9509809	0.9409957	0.9603307	1.5991016	1.5820962	1.6140922
12	0	neg	0.98489324	0.9648466	1.00468991	0.98441395	0.96660024	1.00359353	0.998985305	0.938770132	0.060229868	1.47e-05	-2.94e-05	0.9844804	0.96743568	1.00665674	0.98547744	0.96863825	1.00513883	0.98486019	0.9679032	1.00929304	0.9912399	0.9816713	1.0030705	0.9917599	0.9812548	1.0049271
12	0	pos	0.99397162	0.97393284	1.01090043	0.99246133	0.97757138	1.00666371	0.999261682	0.938770132	0.060229868	1.47e-05	0.000246977	0.9921019	0.97033217	1.01056441	0.99552914	0.97908878	1.01296499	0.99467316	0.97485098	1.01493012	0.9946245	0.9816489	1.0055453	0.9953922	0.9800863	1.0071391
12	0.9	neg	0.08375301	0.08256018	0.08501571	0.10353402	0.10177781	0.10514343	0.966476304	0.938770132	0.060229868	0.032545817	-0.065069512	0.1256128	0.1238027	0.12740878	0.10217805	0.10013082	0.10359951	0.10201168	0.10048516	0.10345863	0.9685326	0.9611331	0.976545	0.9689823	0.9603528	0.9753321
12	0.9	pos	5.72059894	5.55949438	5.90526699	0.10190539	0.10026913	0.10355228	1.578183812	0.938770132	0.060229868	0.032545817	0.546637995	0.12357468	0.12165289	0.12526127	6.37063482	6.20749743	6.52960779	6.36881555	6.22035745	6.52111267	0.9577288	0.9494156	0.9656035	1.5806863	1.5612891	1.6000076
13	0	neg	1.00139102	0.98848779	1.01420189	1.00040935	0.98777816	1.01066446	0.998992653	0.938770132	0.060229868	7.35e-06	-1.47e-05	1.00061644	0.98794111	1.01192307	1.00094101	0.98986255	1.01153271	1.00170945	0.99124108	1.01217432	1.0031402	0.9980624	1.0086638	1.0036624	0.9985158	1.009399
13	0	pos	0.99348763	0.97470608	1.01344439	0.99095223	0.97301216	1.00766957	0.999130841	0.938770132	0.060229868	7.35e-06	0.000123489	0.99141648	0.97074272	1.01137902	0.99277666	0.97492388	1.01200503	0.99103555	0.97341959	1.01255587	0.9942141	0.9822403	1.0046584	0.9964666	0.984827	1.0085172
13	0.9	neg	0.0925858	0.09082586	0.09436138	0.11222153	0.11073987	0.11369396	0.968102489	0.938770132	0.060229868	0.030918526	-0.061816037	0.13456536	0.13265326	0.13703161	0.11127439	0.10946682	0.11311907	0.11130782	0.10917509	0.1135523	0.9701026	0.9604186	0.9793602	0.9719303	0.9612433	0.9845838
13	0.9	pos	5.67299137	5.58446764	5.77084734	0.11091181	0.10944938	0.11239573	1.549224622	0.938770132	0.060229868	0.030918526	0.519306096	0.13314992	0.13091834	0.13483554	6.26632565	6.15887657	6.40178485	6.27333886	6.18247048	6.38450161	0.959483	0.9525505	0.9683319	1.5499209	1.5348388	1.5612866
14	0	neg	1.00247547	0.99228363	1.01274261	1.00005423	0.98744936	1.0102051	0.998996326	0.938770132	0.060229868	3.68e-06	-7.35e-06	0.99966915	0.98724543	1.0107404	1.00125119	0.99063994	1.01426903	1.00195609	0.99008337	1.01253253	1.0020648	0.9949136	1.0078191	1.0031216	0.9954324	1.0096317
14	0	pos	0.99673765	0.97026085	1.01700179	0.99528283	0.97009755	1.0147066	0.99906542	0.938770132	0.060229868	3.68e-06	6.17e-05	0.99547603	0.97307918	1.01940796	0.99634362	0.96951532	1.02122282	0.99506077	0.97321385	1.01422631	0.9945886	0.9834464	1.0081921	0.9965375	0.9832933	1.0114286
14	0.9	neg	0.1015565	0.10047314	0.10296237	0.12189399	0.12062833	0.123124	0.969647365	0.938770132	0.060229868	0.0293726	-0.058725235	0.14468852	0.14327676	0.14630167	0.12110077	0.11976496	0.12247798	0.12109009	0.11966735	0.12265478	0.9747028	0.9674065	0.9812607	0.974255	0.9678186	0.9806677
14	0.9	pos	5.6566333	5.52882955	5.78230915	0.12026589	0.11835893	0.12225311	1.52171339	0.938770132	0.060229868	0.0293726	0.493340791	0.14285433	0.1406588	0.14598986	6.22368021	6.06193229	6.35577611	6.22139425	6.06210436	6.36544259	0.9641803	0.9546609	0.9750306	1.5307654	1.5201556	1.5433307
15	0	neg	0.97961083	0.96535541	0.99130553	0.97964613	0.96292668	0.99433022	0.998998163	0.938770132	0.060229868	1.84e-06	-3.67e-06	0.97946405	0.96247403	0.99358692	0.98059082	0.96694628	0.99753416	0.97864547	0.96295227	0.99509494	0.9895476	0.9790395	0.9997809	0.9911465	0.9810091	0.9992992
15	0	pos	0.98900375	0.97211529	1.00904002	0.98902196	0.96896476	1.01575508	0.99903271	0.938770132	0.060229868	1.84e-06	3.09e-05	0.99020154	0.96661663	1.00971505	0.99029169	0.96908784	1.01186458	0.98908602	0.9726865	1.00495046	0.9941446	0.9808127	1.0059363	0.9954535	0.9814208	1.0070232
15	0.9	neg	0.11095636	0.10829626	0.11354243	0.13164955	0.12899732	0.13377543	0.971114996	0.938770132	0.060229868	0.02790397	-0.055788973	0.15508256	0.1511894	0.15832752	0.13098491	0.12748235	0.13463482	0.131044	0.12797627	0.13434816	0.967511	0.9540397	0.9778464	0.9663038	0.9538215	0.9779548
15	0.9	pos	5.55427158	5.38583745	5.69264961	0.12943766	0.12801078	0.13077744	1.495577721	0.938770132	0.060229868	0.02790397	0.468673751	0.15274328	0.15102723	0.15434762	6.07013439	5.89967871	6.23306627	6.07416206	5.94075819	6.19832519	0.9620308	0.9561659	0.9686632	1.4940463	1.4759703	1.5104469
16	0	neg	0.99058125	0.97764231	1.0045377	0.98963341	0.97534195	1.00348152	0.998999082	0.938770132	0.060229868	9.19e-07	-1.84e-06	0.98862075	0.97611321	1.00646163	0.99097778	0.97625821	1.00321698	0.99070918	0.97677789	1.00294776	0.9946547	0.9856858	1.0032379	0.9955785	0.9873323	1.0029671
16	0	pos	1.00236195	0.98933017	1.01858496	1.0012448	0.98705703	1.0192067	0.999016355	0.938770132	0.060229868	9.19e-07	1.54e-05	1.00177477	0.98951022	1.01442891	1.00223508	0.9894957	1.01888714	1.00178924	0.98839173	1.01544104	1.0002452	0.9924348	1.00863	1.0013477	0.9932041	1.008924
16	0.9	neg	0.12197401	0.12070249	0.12310125	0.14323554	0.14158751	0.14543091	0.972509247	0.938770132	0.060229868	0.026508771	-0.052999524	0.16699177	0.16545147	0.16903876	0.14270534	0.14123717	0.14389457	0.14268461	0.14105911	0.14411671	0.9726923	0.964394	0.9805364	0.9727658	0.9660023	0.9792618
16	0.9	pos	5.50509295	5.39158727	5.59894052	0.13976153	0.13745882	0.14222667	1.470748835	0.938770132	0.060229868	0.026508771	0.445240064	0.16328074	0.16089267	0.16591932	5.99239731	5.85241348	6.12271205	5.98482901	5.84615615	6.13035368	0.9597157	0.9464258	0.9696897	1.4708818	1.4535984	1.4935286
17	0	neg	0.9968937	0.98219338	1.01209486	0.99460303	0.98054948	1.00939444	0.998999541	0.938770132	0.060229868	4.6e-07	-9.19e-07	0.99561707	0.98059444	1.00804127	0.9957999	0.97841004	1.00968668	0.99554531	0.98231003	1.00955877	0.9991432	0.9917843	1.0059928	0.9991628	0.9911436	1.0052407
17	0	pos	0.99070174	0.97581677	1.00589127	0.98960391	0.9727743	1.0047894	0.999008178	0.938770132	0.060229868	4.6e-07	7.72e-06	0.99082746	0.97418435	1.00948496	0.98956674	0.97085889	1.00720819	0.99189495	0.97406006	1.01204861	0.9916902	0.9817951	1.0020571	0.9934692	0.9826657	1.0038497
17	0.9	neg	0.13370902	0.13137972	0.13670567	0.15563794	0.15293063	0.1583368	0.973833784	0.938770132	0.060229868	0.025183333	-0.050349548	0.180033	0.1771989	0.18330613	0.15472529	0.15204224	0.15738641	0.15483513	0.15211354	0.1577083	0.9727676	0.9642675	0.98075	0.973501	0.9637396	0.9814511
17	0.9	pos	5.51590099	5.39381471	5.65077882	0.15109742	0.14813006	0.15390258	1.447161393	0.938770132	0.060229868	0.025183333	0.422978061	0.17490236	0.17170793	0.17890347	5.97052814	5.84538856	6.09858547	5.95491412	5.82414218	6.1107399	0.9589972	0.9469887	0.97034	1.4477684	1.4315948	1.4666869
18	0	neg	0.99100102	0.97248502	1.00809998	0.98954731	0.97180853	1.00529759	0.99899977	0.938770132	0.060229868	2.3e-07	-4.59e-07	0.99060028	0.97134668	1.00500284	0.99063211	0.97504843	1.00607651	0.99058916	0.97436434	1.00838523	0.9936977	0.984468	1.0031276	0.9935263	0.9839687	1.0028839
18	0	pos	1.00126435	0.98166319	1.02259834	0.99842302	0.97336584	1.02159545	0.999004089	0.938770132	0.060229868	2.3e-07	3.86e-06	0.9980137	0.97730681	1.01998943	1.00121343	0.98093512	1.02053062	1.00166367	0.98223305	1.0233768	0.9999354	0.9876505	1.0111889	0.9997215	0.9884305	1.0156921
18	0.9	neg	0.14479807	0.14194027	0.14785629	0.16607687	0.16371536	0.1683781	0.975092095	0.938770132	0.060229868	0.023924166	-0.047832071	0.19026565	0.1869956	0.19294761	0.16631128	0.16336212	0.1694355	0.16633764	0.16336299	0.16987024	0.9670847	0.9593406	0.9750537	0.9681186	0.9582801	0.9774231
18	0.9	pos	5.50168833	5.38787232	5.63549272	0.16834525	0.16505322	0.17173888	1.424753323	0.938770132	0.060229868	0.023924166	0.401829158	0.19318787	0.1898668	0.19654141	5.92831431	5.80617895	6.05276409	5.92315296	5.81078108	6.04284341	0.9777996	0.9696661	0.9866422	1.4455169	1.4344738	1.4595518
19	0	neg	0.9846344	0.96674952	1.00397123	0.98285796	0.96866022	0.99875825	0.998999885	0.938770132	0.060229868	1.15e-07	-2.3e-07	0.9822216	0.96916747	0.9959337	0.98257247	0.9659866	0.99666816	0.98205062	0.96357719	1.00424219	0.990249	0.9784793	1.0026711	0.9914979	0.9805856	1.0031999
19	0	pos	0.99336155	0.97521627	1.01186947	0.99029229	0.97367778	1.009632	0.999002044	0.938770132	0.060229868	1.15e-07	1.93e-06	0.98964823	0.97523731	1.00862416	0.99142476	0.97441828	1.01172757	0.99095866	0.97500644	1.01648205	0.9910586	0.9814703	1.0028904	0.992436	0.9831882	1.0051058
19	0.9	neg	0.16000474	0.1580786	0.16229151	0.18177925	0.17861896	0.18521634	0.97628749	0.938770132	0.060229868	0.022727958	-0.045440467	0.20660113	0.20338078	0.209767	0.18251678	0.18005699	0.18492128	0.18261574	0.1793897	0.18463757	0.9767065	0.9681559	0.9850247	0.9760728	0.9662433	0.98486
19	0.9	pos	5.36542332	5.26538708	5.47780718	0.18082413	0.17843194	0.1834924	1.403465657	0.938770132	0.060229868	0.022727958	0.3817377	0.20614582	0.20362971	0.20982689	5.75762637	5.63698023	5.8708017	5.76367973	5.62822342	5.8793011	0.9746368	0.9666563	0.9860583	1.4165654	1.4037254	1.4288745
2	0	neg	0.31294673	0.30887895	0.31838051	0.33527216	0.33093087	0.33964377	0.983952767	0.938770132	0.060229868	0.015057467	-0.0301047	0.36227382	0.35845863	0.36704664	0.33788843	0.3334564	0.34308609	0.33802863	0.33262602	0.34365249	0.9832358	0.976044	0.9908473	0.9834767	0.9760134	0.9903937
2	0	pos	4.58150359	4.50611881	4.66270198	0.32017772	0.31204093	0.32760473	1.266961969	0.938770132	0.060229868	0.015057467	0.252904502	0.34534591	0.33750942	0.3524395	4.76521731	4.67168956	4.86458189	4.76664283	4.68036651	4.8679651	0.9726485	0.9576591	0.9883053	1.2655726	1.2511032	1.2775615
2	0.9	neg	0.03167842	0.03049971	0.03320898	0.04301092	0.0424959	0.04352432	0.94467949	0.938770132	0.060229868	0.054357456	-0.108677965	0.05920998	0.05836846	0.05999812	0.04357787	0.04228411	0.04525834	0.04354106	0.04215585	0.04502894	0.9415658	0.9348357	0.9488976	0.9407149	0.9347473	0.9464477
2	0.9	pos	5.98170223	5.92742613	6.03776502	0.04253876	0.04169844	0.04330631	1.966342708	0.938770132	0.060229868	0.054357456	0.912985252	0.05872112	0.05759644	0.05993073	7.14621387	7.07010464	7.20941496	7.147026	7.06693544	7.22896784	0.9331813	0.921291	0.9438229	1.9683765	1.9575429	1.9802937
20	0	neg	0.9893284	0.97072851	1.00935231	0.987594	0.96615838	1.01024074	0.998999943	0.938770132	0.060229868	5.74e-08	-1.15e-07	0.98877116	0.97023439	1.00648191	0.98788846	0.96780463	1.00554517	0.9884934	0.96946752	1.0078583	0.993971	0.9823239	1.0041498	0.9942405	0.9817256	1.0064421
20	0	pos	0.99969161	0.98532037	1.01719168	0.99879301	0.98184888	1.01494713	0.999001022	0.938770132	0.060229868	5.74e-08	9.65e-07	0.99877633	0.98148663	1.01734745	0.99907781	0.97908694	1.01597987	0.99908564	0.98254112	1.01425069	0.9986275	0.9899264	1.0064437	0.9991913	0.9902819	1.0066373
20	0.9	neg	0.17270456	0.16904752	0.17656101	0.19606794	0.1931011	0.19988852	0.977423116	0.938770132	0.060229868	0.02159156	-0.043168444	0.22153296	0.21694195	0.22571112	0.19603073	0.19216746	0.19955675	0.19550497	0.19218306	0.20062198	0.9774957	0.968811	0.9880845	0.9776911	0.9681261	0.9883819
20	0.9	pos	5.24044863	5.17697182	5.30579263	0.19422403	0.19152864	0.19697452	1.383242374	0.938770132	0.060229868	0.02159156	0.362650815	0.22004604	0.21631673	0.22365823	5.58482175	5.49623367	5.66192249	5.57984129	5.4932291	5.67277945	0.9758842	0.9648873	0.9856833	1.3895068	1.3741839	1.4029934
3	0	neg	0.64319923	0.6291321	0.65584548	0.65208844	0.63638661	0.66822265	0.991476384	0.938770132	0.060229868	0.007528733	-0.01505235	0.6694544	0.65400588	0.68315081	0.66127658	0.64737569	0.67800919	0.66170921	0.64477075	0.67770319	0.995812	0.9853319	1.0076707	0.993715	0.9794103	1.0052354
3	0	pos	2.92390281	2.81414105	3.02267931	0.64215435	0.63237094	0.65016647	1.132980984	0.938770132	0.060229868	0.007528733	0.126452251	0.66119307	0.65235332	0.67288956	2.95655011	2.85541946	3.05445785	2.95383372	2.86006836	3.05059037	0.9883982	0.9808743	0.9974661	1.1371767	1.1248398	1.1467575
3	0.9	neg	0.03456987	0.03387803	0.03545796	0.04721571	0.04668801	0.04795244	0.947395516	0.938770132	0.060229868	0.051639583	-0.103244067	0.06397335	0.06317526	0.0650178	0.04679893	0.04609172	0.04770236	0.04683943	0.0460355	0.04769893	0.9399972	0.9341657	0.9489546	0.9414439	0.9350368	0.951423
3	0.9	pos	5.96640807	5.88228983	6.06156879	0.04619828	0.04563402	0.04681418	1.917975573	0.938770132	0.060229868	0.051639583	0.86733599	0.06266713	0.06176083	0.0636216	7.05408072	6.94097989	7.1416085	7.05531878	6.97718879	7.14721262	0.9270281	0.9188058	0.9373266	1.907942	1.8916024	1.9216882
4	0	neg	0.86738246	0.85114393	0.88256139	0.86867988	0.85244543	0.88447963	0.995238192	0.938770132	0.060229868	0.003764367	-0.007526175	0.877711	0.8575687	0.89303668	0.87637456	0.85955233	0.89175764	0.87633583	0.86039952	0.8917537	0.9947627	0.9806029	1.0068163	0.9949645	0.9818413	1.0055234
4	0	pos	1.74241439	1.68565564	1.79829038	0.87790886	0.86376485	0.89044131	1.065990492	0.938770132	0.060229868	0.003764367	0.063226125	0.88789751	0.87605155	0.9031618	1.74743142	1.6782264	1.81278077	1.74184557	1.68519884	1.80252051	0.9971418	0.9856954	1.0074996	1.0761855	1.063435	1.0891083
4	0.9	neg	0.03825002	0.03719696	0.03911977	0.05196122	0.05079228	0.05311118	0.94997574	0.938770132	0.060229868	0.049057604	-0.098081864	0.06942512	0.06812703	0.07072599	0.05110206	0.04976553	0.05236539	0.05115353	0.05001678	0.05232651	0.9533371	0.9409061	0.9624918	0.9520184	0.9436042	0.9622811
4	0.9	pos	5.9219976	5.8625883	5.97493323	0.05111669	0.04996827	0.0521426	1.872026794	0.938770132	0.060229868	0.049057604	0.82396919	0.06816696	0.06671727	0.06972336	6.9490401	6.88725286	7.00673983	6.95381852	6.8871497	7.01859178	0.9410433	0.9314723	0.9490568	1.8665769	1.8514645	1.8775935
5	0	neg	0.95742405	0.93972574	0.97451333	0.95528246	0.93839149	0.96959593	0.997119096	0.938770132	0.060229868	0.001882183	-0.003763087	0.96002222	0.94225768	0.97624907	0.96029386	0.93952787	0.98297949	0.96030338	0.9422518	0.98007011	0.9959438	0.9854414	1.0083396	0.9978486	0.9847726	1.0098676
5	0	pos	1.19032344	1.17523803	1.20972218	0.9402304	0.92435185	0.95840277	1.032495246	0.938770132	0.060229868	0.001882183	0.031613063	0.94470959	0.93135797	0.95735667	1.19495954	1.17685126	1.21830569	1.19418923	1.17127541	1.21652347	0.9839246	0.9754976	0.9930201	1.0214763	1.0129911	1.0283013
5	0.9	neg	0.0418983	0.04097916	0.04278447	0.05657601	0.05553557	0.05791674	0.952426953	0.938770132	0.060229868	0.046604724	-0.093177771	0.07455929	0.07289617	0.07604449	0.05524732	0.05423554	0.05637327	0.0552467	0.05428794	0.05616719	0.9534173	0.9435328	0.9647305	0.9528215	0.9427529	0.9639855
5	0.9	pos	5.83775851	5.71980084	5.9252843	0.05586826	0.05472628	0.05745544	1.828375454	0.938770132	0.060229868	0.046604724	0.782770731	0.07373946	0.07199714	0.0762211	6.80501723	6.69207092	6.9230808	6.78105129	6.63978296	6.92301276	0.9475516	0.9329061	0.9673468	1.8200733	1.7923886	1.8488751
6	0	neg	0.9904994	0.970759	1.00811356	0.99132289	0.97505785	1.00765132	0.998059548	0.938770132	0.060229868	0.000941092	-0.001881544	0.99406155	0.97564408	1.00875023	0.99363507	0.97326367	1.01156357	0.99491909	0.97469913	1.01645427	1.0012375	0.9909662	1.0134498	1.0011055	0.9884482	1.011482
6	0	pos	1.09303835	1.07716712	1.11141171	1.00399212	0.98493308	1.02367283	1.015747623	0.938770132	0.060229868	0.000941092	0.015806531	1.00443799	0.98922373	1.02033963	1.09606851	1.07308811	1.11548182	1.09452408	1.07521848	1.11393446	1.0049868	0.9947101	1.0151414	1.0279113	1.0187624	1.0384381
6	0.9	neg	0.0464839	0.04552964	0.04753736	0.06132403	0.06030503	0.06243218	0.954755605	0.938770132	0.060229868	0.044274487	-0.088518882	0.07999146	0.07853629	0.08153528	0.06059619	0.05933779	0.06178646	0.06070606	0.05951858	0.06189022	0.9517487	0.9400952	0.9635323	0.9518651	0.9439112	0.9627976
6	0.9	pos	5.8706371	5.81531991	5.93312025	0.05985711	0.0587463	0.0608115	1.786906682	0.938770132	0.060229868	0.044274487	0.743632194	0.07798611	0.07661484	0.07941903	6.7872999	6.71258513	6.86346573	6.79239221	6.71474035	6.85719794	0.9393772	0.9279128	0.9490186	1.7784368	1.7627796	1.7917253
7	0	neg	0.98768415	0.96836241	1.00860063	0.98741606	0.97236177	1.00638274	0.998529774	0.938770132	0.060229868	0.000470546	-0.000940772	0.98610728	0.97104204	1.00496191	0.99053728	0.97491443	1.00886469	0.98880612	0.97017577	1.00709982	0.9969442	0.9868908	1.0079303	0.9969544	0.9872875	1.0071668
7	0	pos	1.02273628	1.00916271	1.03393096	0.98964952	0.97507716	1.00724287	1.007373812	0.938770132	0.060229868	0.000470546	0.007903266	0.98852109	0.97400292	1.00179472	1.02564629	1.00687822	1.04786704	1.02337694	1.00986458	1.03861675	0.9923394	0.9839873	1.0033118	1.0061306	0.9970929	1.0187592
7	0.9	neg	0.05241167	0.05065985	0.05457878	0.06773241	0.06663374	0.06890469	0.956967825	0.938770132	0.060229868	0.042060763	-0.084092938	0.08706312	0.08583514	0.08863568	0.06718374	0.06567688	0.06935563	0.06736333	0.06571456	0.06951933	0.9585575	0.9495992	0.9666276	0.9594923	0.951138	0.9681483
7	0.9	pos	5.84878872	5.76507799	5.97081928	0.06548072	0.06378427	0.06703311	1.747511347	0.938770132	0.060229868	0.042060763	0.706450584	0.08414308	0.08254293	0.08616714	6.71090336	6.5949858	6.85711575	6.72066428	6.60002939	6.87387827	0.9399198	0.9277169	0.9527291	1.7381874	1.706645	1.7676192
8	0	neg	1.00108928	0.98941748	1.01579578	1.00143189	0.99023462	1.01520852	0.998764887	0.938770132	0.060229868	0.000235273	-0.000470386	1.00242866	0.99116775	1.01420669	1.00124722	0.9914004	1.01329862	1.00100163	0.98672699	1.01902803	1.0018662	0.9942143	1.01045	1.0010599	0.9940556	1.008906
8	0	pos	1.02884541	1.00912399	1.04730177	1.01231422	0.99627689	1.02882954	1.003186906	0.938770132	0.060229868	0.000235273	0.003951633	1.01467304	0.99407741	1.03310386	1.02771732	1.00504563	1.04925993	1.02935981	1.01084573	1.04717913	1.0064371	0.9964578	1.0165714	1.014412	1.0070297	1.0233791
8	0.9	neg	0.05818518	0.05702779	0.05953089	0.07348209	0.07285976	0.07421897	0.959069434	0.938770132	0.060229868	0.039957725	-0.079888291	0.09310636	0.09192109	0.09425605	0.07378395	0.07203715	0.07565424	0.07369592	0.07245514	0.07522911	0.9587372	0.9531974	0.9657401	0.9590079	0.9512223	0.9683859
8	0.9	pos	5.82519004	5.77357975	5.87705276	0.07327072	0.07077836	0.07565177	1.71008578	0.938770132	0.060229868	0.039957725	0.671128055	0.09309066	0.08925051	0.09552421	6.64202979	6.58236823	6.69594876	6.64369423	6.58041625	6.7065948	0.9600922	0.9393351	0.9735809	1.7183374	1.6956083	1.7368834
9	0	neg	0.99808287	0.98154472	1.01919565	0.99767638	0.97612639	1.01685467	0.998882443	0.938770132	0.060229868	0.000117636	-0.000235193	1.00018734	0.97925921	1.02298196	0.99997897	0.98244309	1.02033163	0.99920068	0.98096527	1.01799569	1.000193	0.9905802	1.0093932	1.001086	0.9923738	1.0103519
9	0	pos	0.99839932	0.98144279	1.02066734	0.9924343	0.96953742	1.01834865	1.001093453	0.938770132	0.060229868	0.000117636	0.001975816	0.99157158	0.97797791	1.01010089	0.99875555	0.97870072	1.02433037	0.99777117	0.98542302	1.01918061	0.9928423	0.981023	1.0087808	0.9966658	0.9868043	1.0065868
9	0.9	neg	0.06409736	0.06280335	0.0655479	0.0798155	0.07876214	0.08112709	0.961065962	0.938770132	0.060229868	0.037959839	-0.075893876	0.09995506	0.09833615	0.10164778	0.08034841	0.07877757	0.0823018	0.08019741	0.07831778	0.08209193	0.9580446	0.9482536	0.9689812	0.9584447	0.9479119	0.96936
9	0.9	pos	5.78022229	5.70688764	5.87071474	0.07854336	0.07778221	0.07946195	1.674531491	0.938770132	0.060229868	0.037959839	0.637571652	0.09861977	0.09768268	0.09999894	6.53965535	6.42117408	6.68026404	6.54161669	6.42766578	6.6503258	0.9493612	0.9449666	0.9538088	1.6669437	1.6562701	1.6774846
