0.254895786869666	0.287583076147125	0.0289657344575781	0.428555402525631	0.335897364524548	242	SkinPigmentation_EUR
0.915017947319745	0.0707817386339921	0.00712922705044378	0.00707108699581955	0.0900928974936182	179	Height
0.974691498240642	0.0204337590214364	0.00205811428723388	0.00281662845068816	0.0626110128090549	658	BMI
0.938251738348536	0.0576346760310283	0.00580503812612827	-0.00169145250569289	0.0465843712190467	280	FetalBW
0.948114269659706	0.0576568954733907	0.00580727609672058	-0.0115784412298174	0.0363075623469917	426	SBP
0.938881036493081	0.0675527096812995	0.00680399513327882	-0.0132377413076597	0.0399773675440773	447	DBP
0.910268207994501	0.0635048731063215	0.00639629186739365	0.0198306270317844	0.0323029636788983	399	PP
0.944680625737734	0.0383676041007286	0.00386443405169863	0.0130873361098386	0.100522393417257	346	HDL_EUR
0.98057770311989	0.0215921791713052	0.00217479184316295	-0.00434467413435831	0.128790485723684	371	LDL_EUR
0.95511709913976	0.0373144587098497	0.003758359903852	0.00381008224653784	0.0876570564447975	359	TG_EUR
0.971953291169333	0.0281593000333554	0.00283624063767981	-0.00294883184036786	0.108853368623636	395	TC_EUR
0.946261525351186	0.0543737956794779	0.00547659809541999	-0.0061119191260843	0.103237617985102	428	RBC
0.934857875647697	0.0598551091965431	0.00602868298838782	-0.000741667832628375	0.0719742959171873	354	HGB
0.948427392092263	0.0542974685664082	0.0054689103311791	-0.00819377098985062	0.0686067299335347	343	HCT
0.907242906867277	0.060839318871027	0.00612781384289991	0.025789960418796	0.152286171552195	358	MCH
0.942303827118965	0.0521320412883354	0.005250805732104	0.000313325860595815	0.178085208764398	403	MCV
0.938765397329639	0.0661600180353377	0.00666372145327416	-0.0115891368182504	0.047085645133399	144	MCHC
0.939117183436299	0.063704208825978	0.00641636921547976	-0.00923776147775689	0.115740331224698	330	RDW
0.919508492435011	0.0536802932379258	0.00540674764442404	0.0214044666826392	0.0998442592001108	442	WBC
0.927389691296112	0.0563819326765927	0.00567886021665521	0.01054951581064	0.0813561158986635	344	NEU
0.933590180157347	0.066243227344968	0.00667210240113604	-0.00650550990345101	0.0936932848613362	410	LYM
0.951318823051743	0.0541296061016952	0.00545200300949865	-0.0109004321629373	0.122427568456625	393	MON
0.95895532777129	0.0451603649943562	0.00454860959816917	-0.00866430236381543	0.0302614519270313	133	BAS
0.947618513043552	0.0533881622417177	0.00537732383765364	-0.00638399912292329	0.0953935402738985	325	EOS
0.957474708774685	0.0471506579591444	0.004749074445695	-0.00937444117952426	0.160016697213059	499	PLT
0.95710131401006	0.0455981011200348	0.00459269893940847	-0.00729211406950322	0.206501174478716	384	MPV
