0.186476452380419	0.379589739880552	0.0382327630523579	0.395701044686671	0.342362476514413	8	SkinPigmentation_multi
0.866357093886903	0.0717546252199093	0.00722721742902433	0.0546610634641635	0.430315063805915	8366	Height_multi
0.935740210315862	0.0643106476901785	0.00647745051184993	-0.00652830851789037	0.0337618167862959	179	BMI_multi
0.947590721934779	0.0561258067321104	0.00565306288464609	-0.0093695915515351	0.0455876145264004	295	FetalBW_multi
0.946008618561911	0.0584859231335831	0.00589077682070212	-0.0103853185161958	0.0343907548558124	427	SBP_multi
0.940332047040186	0.0663056526936496	0.00667838996192564	-0.0133160896957616	0.0378499150342938	453	DBP_multi
0.913753779637479	0.065742393771406	0.00662165780441779	0.0138821687866973	0.0293752276121093	380	PP_multi
0.868157285645505	0.0575374417023165	0.00579524456044506	0.0685100280917335	0.131687763977255	382	HDL_multi_meta
0.916117348559263	0.0400212585298911	0.00403099223628114	0.0398304006745647	0.180151052345955	422	LDL_multi_meta
0.956769305836751	0.037160247751528	0.00374282757931803	0.00232761883240312	0.103929504542384	383	TG_multi_meta
0.941400241593731	0.0490768957531395	0.0049430875746681	0.00457977507846174	0.157099318809632	468	TC_multi_meta
0.910837250246377	0.084400505681231	0.0085009266483997	-0.0037386825760072	0.148182363578462	452	RBC
0.917700462749615	0.065994672337639	0.00664706762357942	0.0096577972891664	0.0812717979035623	366	HGB
0.949237820161164	0.0552450212659209	0.00556434904838861	-0.0100471904754736	0.0713244721104871	356	HCT
0.874730030761023	0.079935942924587	0.00805125018965014	0.0372827761247394	0.211097999345272	380	MCH_noChr16
0.929682734305812	0.0754240993815926	0.00759681154975725	-0.0127036452371615	0.247137944286528	434	MCV
0.900170121781169	0.0896519022391541	0.0090298540118111	0.00114812196786583	0.0828349170520959	164	MCHC
0.932928080376497	0.0735946640622449	0.00741254848957483	-0.0139352929283165	0.12572908581136	336	RDW
0.330943379178519	0.667024352792173	0.0671835441033798	-0.065151276074071	0.271515471980809	409	WBC_noChr1
0.275077030341293	0.71811830002525	0.0723297916773701	-0.0655251220439127	0.375827037339882	321	NEU_noChr1
0.936941136969365	0.0666567797824405	0.00671375593043477	-0.0103116726822408	0.100483443467474	421	LYM
0.705286935512874	0.27283465801649	0.0274802549607848	-0.00560184849014877	0.159435299264239	360	MON_noChr1
0.955603493221803	0.049231513192246	0.00495866084046549	-0.0097936672545149	0.0380925199588335	142	BAS_noLargeB
0.952842866905856	0.0508370466229122	0.005120372216665	-0.00880028574543327	0.103543415649264	338	EOS
0.956101203904158	0.0482765137753459	0.00486247208037684	-0.00924018975988034	0.172520459418847	532	PLT
0.96017482962003	0.043701625566201	0.00440168350124848	-0.00827813868747946	0.243924332920176	390	MPV
