0.353104425793834	0.264999877985261	0.452274675870565	SkinPigmentation_multi
0.717262682290906	0.508128559975895	0.965802931605871	Height_multi
0.0217331057341125	0.0147355665449233	0.0314600722242513	BMI_multi
0.030953247686383	0.0220898038609331	0.0405493675955639	FetalBW_multi
0.0330856685711348	0.0235749917977351	0.0437405587490609	SBP_multi
0.0353962700126622	0.02624924600816	0.0454880842088403	DBP_multi
0.034833842657351	0.0231315366807857	0.0495889182296675	PP_multi
0.14066224771074	0.0999403122964872	0.187511421359372	HDL_multi
0.164537891659498	0.11656528911542	0.224845616369762	LDL_multi
0.0911762247624021	0.0620862939129966	0.125149066421382	TG_multi
0.139079355759073	0.101864314751588	0.183594900543852	TC_multi
0.187325153833615	0.137929819522306	0.247523213213742	RBC
0.0649885714019722	0.0475121537291326	0.0839395183259583	HGB
0.0599437862120662	0.0454966680541722	0.0757530199013195	HCT
0.234841376965543	0.16850964077858	0.309213558061449	MCH_noChr16
0.262431232728543	0.188036196016691	0.347028081553842	MCV
0.098941319807252	0.066987488536739	0.137811696727785	MCHC
0.124022791679155	0.0901472541699767	0.164684679500926	RDW
0.206660490376223	0.141861068577673	0.285922126853038	WBC_noChr1
0.321629807897295	0.197322097076289	0.506999953874672	NEU_noChr1
0.0736345031493974	0.0509342537572448	0.103145493169098	LYM
0.122413777733692	0.0900107980311223	0.159178277363856	MON_noChr1
0.0323892790047338	0.0233048752327834	0.0428003295440355	BAS_noLargeB
0.0653146212461743	0.0478576423331771	0.0849054969554893	EOS
0.148089094636231	0.105590445367457	0.195229585464835	PLT
0.238916032828302	0.169920266188911	0.319814756813884	MPV
