0.224534834224536	0.129090073544014	0.357063766632736	SkinPigmentation
0.0715498775867421	0.050171094582542	0.0990969345242878	Height
0.0581091276424397	0.041034880122489	0.078947363164947	BMI
0.0303780919275464	0.0221664458221271	0.039544425160004	FetalBW
0.0351242370471133	0.0255047924560291	0.0464713749407843	SBP
0.0350730692899688	0.0259233800503729	0.0449586928950758	DBP
0.0420782989088029	0.0282053089848883	0.0594634507027334	PP
0.0838544979668791	0.0649919140078902	0.105187914440663	HDL
0.106102309429028	0.0687160866468646	0.155129217428744	LDL
0.0729852893061367	0.0531510866509416	0.0970634473897321	TG
0.0777121003749015	0.0561121859480953	0.102735678107598	TC
0.0668038548532263	0.0504002730031063	0.0859302190951577	RBC
0.0488226521460457	0.0359967491651773	0.0639333955699874	HGB
0.0539443135704106	0.0406759155970608	0.0682572848915913	HCT
0.123895729652383	0.0895622175883496	0.166350724639521	MCH
0.135265754804602	0.0994726433250091	0.175091489762418	MCV
0.0269018044828943	0.0202696851883928	0.0347256713554324	MCHC
0.104292768931221	0.0731927814318749	0.141138792661319	RDW
0.0586762021434212	0.0438469170577555	0.0749935752744903	WBC
0.0432279482741052	0.0321260900945818	0.0561958911062349	NEU
0.0655315435405862	0.0453252756132994	0.0912255996870233	LYM
0.0813821670211642	0.0579218043136009	0.107679059273344	MON
0.0184784717329555	0.0126520095340159	0.025169213890849	BAS
0.0662501119805322	0.0487473716288933	0.0866068056787137	EOS
0.144223620624032	0.0994113815813399	0.199322218817962	PLT
0.21592831361439	0.153815208791578	0.287108627918267	MPV
